1,0,803,424,57,85,1,-1,-1,-1
1,1,442,573,40,85,1,-1,-1,-1
1,2,227,606,52,94,1,-1,-1,-1
1,3,182,355,46,71,1,-1,-1,-1
1,4,1000,476,56,79,1,-1,-1,-1
2,0,800,424,57,84,1,-1,-1,-1
2,1,433,570,46,89,1,-1,-1,-1
2,2,223,606,63,97,1,-1,-1,-1
2,3,374,491,36,77,1,-1,-1,-1
2,4,1015,477,40,83,1,-1,-1,-1
3,0,807,424,43,85,1,-1,-1,-1
3,1,427,573,48,87,1,-1,-1,-1
3,2,232,606,56,98,1,-1,-1,-1
3,3,912,661,53,94,1,-1,-1,-1
3,4,1251,545,66,87,1,-1,-1,-1
4,0,814,425,27,75,1,-1,-1,-1
4,1,424,574,49,88,1,-1,-1,-1
4,2,228,608,50,98,1,-1,-1,-1
4,3,369,489,27,78,1,-1,-1,-1
4,4,1024,477,37,80,1,-1,-1,-1
5,0,807,424,30,79,1,-1,-1,-1
5,1,913,664,53,95,1,-1,-1,-1
5,2,234,608,30,69,1,-1,-1,-1
5,4,1270,545,42,91,1,-1,-1,-1
6,0,800,422,32,77,1,-1,-1,-1
6,1,422,578,34,83,1,-1,-1,-1
6,2,231,609,31,87,1,-1,-1,-1
6,3,351,488,34,82,1,-1,-1,-1
6,4,1011,478,62,76,1,-1,-1,-1
7,0,784,421,48,82,1,-1,-1,-1
7,1,420,579,29,75,1,-1,-1,-1
7,2,225,607,34,97,1,-1,-1,-1
7,3,138,343,40,78,1,-1,-1,-1
7,4,1022,475,55,84,1,-1,-1,-1
8,0,776,418,53,85,1,-1,-1,-1
8,1,412,578,30,83,1,-1,-1,-1
8,2,220,606,37,79,1,-1,-1,-1
8,3,129,342,41,77,1,-1,-1,-1
8,4,1263,544,72,91,1,-1,-1,-1
9,0,769,416,57,88,1,-1,-1,-1
9,1,401,574,40,93,1,-1,-1,-1
9,2,206,602,51,95,1,-1,-1,-1
9,3,116,344,46,74,1,-1,-1,-1
9,4,1042,475,31,79,1,-1,-1,-1
10,0,761,416,64,84,1,-1,-1,-1
10,1,898,664,53,85,1,-1,-1,-1
10,2,199,602,56,93,1,-1,-1,-1
10,3,393,575,42,93,1,-1,-1,-1
10,4,1035,473,46,82,1,-1,-1,-1
11,0,760,416,60,82,1,-1,-1,-1
11,1,384,578,46,89,1,-1,-1,-1
11,2,192,601,68,95,1,-1,-1,-1
11,3,315,489,39,81,1,-1,-1,-1
11,4,1030,472,54,81,1,-1,-1,-1
12,0,773,416,27,72,1,-1,-1,-1
12,1,890,669,56,95,1,-1,-1,-1
12,2,192,603,66,91,1,-1,-1,-1
12,3,381,580,42,89,1,-1,-1,-1
12,4,1027,476,67,76,1,-1,-1,-1
13,0,770,416,25,71,1,-1,-1,-1
13,1,885,670,63,100,1,-1,-1,-1
13,2,192,603,56,90,1,-1,-1,-1
13,3,382,584,29,83,1,-1,-1,-1
13,4,1032,472,65,86,1,-1,-1,-1
14,0,1058,469,31,83,1,-1,-1,-1
14,1,376,584,30,85,1,-1,-1,-1
14,2,192,604,44,91,1,-1,-1,-1
14,3,758,414,33,83,1,-1,-1,-1
14,4,1267,527,60,92,1,-1,-1,-1
15,0,746,411,44,84,1,-1,-1,-1
15,1,898,674,33,93,1,-1,-1,-1
15,2,188,603,39,87,1,-1,-1,-1
15,3,279,484,47,86,1,-1,-1,-1
15,4,1059,472,30,81,1,-1,-1,-1
16,0,738,408,45,86,1,-1,-1,-1
16,1,357,581,40,82,1,-1,-1,-1
16,2,185,603,34,86,1,-1,-1,-1
16,3,54,339,43,75,1,-1,-1,-1
16,4,1053,468,40,81,1,-1,-1,-1
17,0,727,405,54,88,1,-1,-1,-1
17,1,345,577,45,91,1,-1,-1,-1
17,2,176,600,40,91,1,-1,-1,-1
17,3,43,333,54,80,1,-1,-1,-1
17,4,1047,465,56,80,1,-1,-1,-1
18,0,719,406,61,84,1,-1,-1,-1
18,1,337,577,51,93,1,-1,-1,-1
18,2,165,596,48,97,1,-1,-1,-1
18,3,33,338,49,72,1,-1,-1,-1
18,4,1048,465,62,80,1,-1,-1,-1
19,0,717,406,56,79,1,-1,-1,-1
19,1,869,672,56,93,1,-1,-1,-1
19,2,155,596,61,97,1,-1,-1,-1
19,3,328,579,56,90,1,-1,-1,-1
19,4,1056,464,57,83,1,-1,-1,-1
20,0,729,406,32,78,1,-1,-1,-1
20,1,322,581,57,88,1,-1,-1,-1
20,2,148,594,66,99,1,-1,-1,-1
20,3,243,486,42,83,1,-1,-1,-1
20,4,865,671,62,97,1,-1,-1,-1
21,0,727,406,26,72,1,-1,-1,-1
21,1,319,582,46,86,1,-1,-1,-1
21,2,141,596,65,96,1,-1,-1,-1
21,3,237,487,40,85,1,-1,-1,-1
21,4,1079,464,30,80,1,-1,-1,-1
22,0,1073,460,44,80,1,-1,-1,-1
22,1,871,674,54,99,1,-1,-1,-1
22,2,140,596,53,95,1,-1,-1,-1
22,3,714,404,31,80,1,-1,-1,-1
22,4,1267,506,50,72,1,-1,-1,-1
23,0,703,401,41,87,1,-1,-1,-1
23,1,867,677,51,98,1,-1,-1,-1
23,2,315,585,36,85,1,-1,-1,-1
23,3,139,597,41,91,1,-1,-1,-1
23,4,1068,462,56,76,1,-1,-1,-1
24,0,692,399,49,83,1,-1,-1,-1
24,1,863,680,46,96,1,-1,-1,-1
24,2,309,586,32,82,1,-1,-1,-1
24,3,139,598,34,86,1,-1,-1,-1
24,4,1076,458,52,78,1,-1,-1,-1
25,0,1089,457,36,80,1,-1,-1,-1
25,1,863,681,45,92,1,-1,-1,-1
25,2,128,596,40,89,1,-1,-1,-1
25,3,684,397,48,87,1,-1,-1,-1
25,4,1275,510,30,82,1,-1,-1,-1
26,0,863,680,37,79,1,-1,-1,-1
26,1,674,394,58,91,1,-1,-1,-1
26,2,288,582,40,94,1,-1,-1,-1
26,3,114,594,49,94,1,-1,-1,-1
26,4,1098,457,23,73,1,-1,-1,-1
27,0,855,679,46,86,1,-1,-1,-1
27,1,666,395,60,87,1,-1,-1,-1
27,2,277,583,49,93,1,-1,-1,-1
27,3,101,594,55,100,1,-1,-1,-1
27,4,1088,460,37,79,1,-1,-1,-1
28,0,840,678,55,98,1,-1,-1,-1
28,1,658,395,63,84,1,-1,-1,-1
28,2,271,590,46,89,1,-1,-1,-1
28,3,91,592,64,97,1,-1,-1,-1
28,4,1082,455,55,83,1,-1,-1,-1
29,0,660,397,49,83,1,-1,-1,-1
29,1,275,590,27,77,1,-1,-1,-1
29,2,86,592,67,98,1,-1,-1,-1
29,3,167,489,38,83,1,-1,-1,-1
29,4,1093,455,51,74,1,-1,-1,-1
30,0,822,682,73,99,1,-1,-1,-1
30,1,672,396,23,73,1,-1,-1,-1
30,2,269,591,30,84,1,-1,-1,-1
30,3,79,594,67,99,1,-1,-1,-1
30,4,1109,454,39,81,1,-1,-1,-1
31,0,829,686,65,102,1,-1,-1,-1
31,1,662,396,29,73,1,-1,-1,-1
31,2,264,592,32,84,1,-1,-1,-1
31,3,88,595,46,95,1,-1,-1,-1
31,4,1107,453,38,82,1,-1,-1,-1
32,0,823,693,66,93,1,-1,-1,-1
32,1,657,394,29,83,1,-1,-1,-1
32,2,257,593,35,86,1,-1,-1,-1
32,3,90,598,35,91,1,-1,-1,-1
32,4,1121,453,25,87,1,-1,-1,-1
33,0,648,393,38,86,1,-1,-1,-1
33,1,249,591,39,92,1,-1,-1,-1
33,2,91,600,29,83,1,-1,-1,-1
33,3,140,486,42,92,1,-1,-1,-1
33,4,1118,452,42,88,1,-1,-1,-1
34,0,644,391,45,86,1,-1,-1,-1
34,1,239,588,50,97,1,-1,-1,-1
34,2,84,596,36,96,1,-1,-1,-1
34,3,132,486,50,92,1,-1,-1,-1
34,4,1118,450,53,77,1,-1,-1,-1
35,0,640,391,52,88,1,-1,-1,-1
35,1,236,589,54,95,1,-1,-1,-1
35,2,79,595,40,98,1,-1,-1,-1
35,3,127,487,52,92,1,-1,-1,-1
35,4,1117,449,66,79,1,-1,-1,-1
36,0,639,391,53,85,1,-1,-1,-1
36,1,232,593,55,93,1,-1,-1,-1
36,2,74,595,45,101,1,-1,-1,-1
36,3,122,488,54,92,1,-1,-1,-1
36,4,1121,448,62,80,1,-1,-1,-1
37,0,841,696,41,93,1,-1,-1,-1
37,1,647,392,32,71,1,-1,-1,-1
37,2,69,596,50,100,1,-1,-1,-1
37,3,119,492,49,88,1,-1,-1,-1
37,4,1154,449,28,78,1,-1,-1,-1
38,0,648,393,26,71,1,-1,-1,-1
38,1,243,599,34,86,1,-1,-1,-1
38,2,68,598,51,100,1,-1,-1,-1
38,3,117,494,45,89,1,-1,-1,-1
38,4,1160,449,27,78,1,-1,-1,-1
39,0,644,393,32,81,1,-1,-1,-1
39,1,242,601,33,88,1,-1,-1,-1
39,2,72,598,41,99,1,-1,-1,-1
39,3,122,496,32,82,1,-1,-1,-1
39,4,1162,446,36,80,1,-1,-1,-1
40,0,648,394,25,79,1,-1,-1,-1
40,1,239,601,32,89,1,-1,-1,-1
40,2,78,600,37,101,1,-1,-1,-1
40,3,120,494,31,84,1,-1,-1,-1
40,4,1165,445,45,73,1,-1,-1,-1
41,0,841,708,46,101,1,-1,-1,-1
41,1,643,391,31,83,1,-1,-1,-1
41,2,236,600,37,89,1,-1,-1,-1
41,3,77,601,42,99,1,-1,-1,-1
41,4,1174,447,49,68,1,-1,-1,-1
42,0,638,390,37,86,1,-1,-1,-1
42,1,109,492,38,93,1,-1,-1,-1
42,2,233,601,40,90,1,-1,-1,-1
42,3,294,265,49,79,1,-1,-1,-1
42,4,1188,449,37,64,1,-1,-1,-1
43,0,631,388,49,89,1,-1,-1,-1
43,1,105,491,46,96,1,-1,-1,-1
43,2,231,602,48,93,1,-1,-1,-1
43,3,292,267,40,75,1,-1,-1,-1
43,4,1198,448,34,65,1,-1,-1,-1
44,0,631,387,51,88,1,-1,-1,-1
44,1,102,495,49,93,1,-1,-1,-1
44,2,228,605,47,94,1,-1,-1,-1
44,3,289,266,35,76,1,-1,-1,-1
44,4,1204,449,40,67,1,-1,-1,-1
45,0,629,389,53,87,1,-1,-1,-1
45,1,237,607,37,91,1,-1,-1,-1
45,2,64,602,71,93,1,-1,-1,-1
45,3,99,495,49,91,1,-1,-1,-1
45,4,1205,447,55,71,1,-1,-1,-1
46,0,629,391,49,83,1,-1,-1,-1
46,1,241,610,28,85,1,-1,-1,-1
46,2,69,605,62,89,1,-1,-1,-1
46,3,98,499,42,87,1,-1,-1,-1
46,4,1212,445,54,71,1,-1,-1,-1
47,0,631,391,42,83,1,-1,-1,-1
47,1,240,610,31,88,1,-1,-1,-1
47,2,77,606,45,88,1,-1,-1,-1
47,3,100,498,32,88,1,-1,-1,-1
47,4,1225,446,39,66,1,-1,-1,-1
48,0,637,392,28,72,1,-1,-1,-1
48,1,238,608,34,94,1,-1,-1,-1
48,2,79,606,41,89,1,-1,-1,-1
48,3,101,500,28,88,1,-1,-1,-1
48,4,1235,447,28,66,1,-1,-1,-1
49,0,845,725,49,102,1,-1,-1,-1
49,1,636,389,28,83,1,-1,-1,-1
49,2,230,609,42,95,1,-1,-1,-1
49,3,84,605,34,91,1,-1,-1,-1
49,4,1242,445,26,66,1,-1,-1,-1
50,0,852,730,39,100,1,-1,-1,-1
50,1,633,386,27,87,1,-1,-1,-1
50,2,225,609,51,97,1,-1,-1,-1
50,3,82,606,35,91,1,-1,-1,-1
50,4,1246,444,35,68,1,-1,-1,-1
51,0,630,386,34,84,1,-1,-1,-1
51,1,81,605,38,91,1,-1,-1,-1
51,2,222,610,55,96,1,-1,-1,-1
51,3,90,497,34,93,1,-1,-1,-1
51,4,1254,447,40,60,1,-1,-1,-1
52,0,628,385,41,86,1,-1,-1,-1
52,1,221,612,57,97,1,-1,-1,-1
52,2,78,605,50,96,1,-1,-1,-1
52,3,80,498,47,97,1,-1,-1,-1
52,4,1262,446,33,60,1,-1,-1,-1
53,0,630,384,42,89,1,-1,-1,-1
53,1,224,614,51,96,1,-1,-1,-1
53,2,78,606,56,94,1,-1,-1,-1
53,3,75,499,51,97,1,-1,-1,-1
53,4,1270,446,34,64,1,-1,-1,-1
54,0,631,384,38,88,1,-1,-1,-1
54,1,236,617,38,92,1,-1,-1,-1
54,2,82,607,50,96,1,-1,-1,-1
54,3,234,257,36,85,1,-1,-1,-1
54,4,1276,449,50,62,1,-1,-1,-1
55,0,636,385,35,86,1,-1,-1,-1
55,1,240,618,32,92,1,-1,-1,-1
55,2,83,609,54,97,1,-1,-1,-1
55,3,74,504,47,92,1,-1,-1,-1
55,4,1280,449,58,61,1,-1,-1,-1
56,0,641,385,30,88,1,-1,-1,-1
56,1,244,618,31,90,1,-1,-1,-1
56,2,86,611,47,96,1,-1,-1,-1
56,3,78,505,45,91,1,-1,-1,-1
56,4,1281,448,71,66,1,-1,-1,-1
57,0,865,743,46,113,1,-1,-1,-1
57,1,644,385,30,87,1,-1,-1,-1
57,2,249,620,32,88,1,-1,-1,-1
57,3,88,611,46,95,1,-1,-1,-1
57,4,1291,450,68,69,1,-1,-1,-1
58,0,647,384,34,84,1,-1,-1,-1
58,1,254,621,34,91,1,-1,-1,-1
58,2,91,609,51,95,1,-1,-1,-1
58,3,95,506,31,86,1,-1,-1,-1
58,4,1310,452,48,66,1,-1,-1,-1
59,0,648,381,41,89,1,-1,-1,-1
59,1,254,618,49,98,1,-1,-1,-1
59,2,97,607,57,95,1,-1,-1,-1
59,3,102,507,29,88,1,-1,-1,-1
59,4,882,752,44,105,1,-1,-1,-1
60,0,648,380,43,87,1,-1,-1,-1
60,1,260,620,53,98,1,-1,-1,-1
60,2,101,608,59,93,1,-1,-1,-1
60,3,230,251,33,88,1,-1,-1,-1
60,4,889,754,44,103,1,-1,-1,-1
61,0,650,381,45,84,1,-1,-1,-1
61,1,269,624,53,97,1,-1,-1,-1
61,2,107,610,60,96,1,-1,-1,-1
61,3,230,251,33,85,1,-1,-1,-1
61,4,900,754,39,104,1,-1,-1,-1
62,0,905,755,34,100,1,-1,-1,-1
62,1,280,623,42,98,1,-1,-1,-1
62,2,111,612,58,95,1,-1,-1,-1
62,3,230,250,32,85,1,-1,-1,-1
62,4,1348,420,52,87,1,-1,-1,-1
63,0,903,755,49,103,1,-1,-1,-1
63,1,296,631,26,90,1,-1,-1,-1
63,2,113,612,57,95,1,-1,-1,-1
63,3,114,504,51,93,1,-1,-1,-1
63,4,1347,420,70,99,1,-1,-1,-1
64,0,671,386,30,75,1,-1,-1,-1
64,1,303,627,24,91,1,-1,-1,-1
64,2,120,612,51,95,1,-1,-1,-1
64,3,120,509,41,87,1,-1,-1,-1
64,4,908,757,48,105,1,-1,-1,-1
65,0,909,762,58,104,1,-1,-1,-1
65,1,675,384,30,77,1,-1,-1,-1
65,2,307,625,28,93,1,-1,-1,-1
65,3,122,611,48,97,1,-1,-1,-1
65,4,1338,416,28,72,1,-1,-1,-1
66,0,680,383,30,80,1,-1,-1,-1
66,1,312,620,34,98,1,-1,-1,-1
66,2,123,612,47,99,1,-1,-1,-1
66,3,138,508,32,91,1,-1,-1,-1
66,4,916,765,59,107,1,-1,-1,-1
67,0,681,379,35,84,1,-1,-1,-1
67,1,318,623,39,96,1,-1,-1,-1
67,2,124,611,46,101,1,-1,-1,-1
67,3,144,505,31,94,1,-1,-1,-1
67,4,920,769,55,107,1,-1,-1,-1
68,0,684,380,36,84,1,-1,-1,-1
68,1,320,626,53,93,1,-1,-1,-1
68,2,125,611,46,102,1,-1,-1,-1
68,3,149,508,33,91,1,-1,-1,-1
68,4,1319,412,41,85,1,-1,-1,-1
69,0,689,379,40,86,1,-1,-1,-1
69,1,328,628,55,94,1,-1,-1,-1
69,2,125,612,47,101,1,-1,-1,-1
69,3,153,506,36,91,1,-1,-1,-1
69,4,1317,413,38,84,1,-1,-1,-1
70,0,692,379,45,87,1,-1,-1,-1
70,1,337,632,53,91,1,-1,-1,-1
70,2,127,613,47,98,1,-1,-1,-1
70,3,155,509,47,88,1,-1,-1,-1
70,4,1313,414,34,84,1,-1,-1,-1
71,0,696,380,37,84,1,-1,-1,-1
71,1,345,635,47,88,1,-1,-1,-1
71,2,129,612,47,100,1,-1,-1,-1
71,3,157,508,54,90,1,-1,-1,-1
71,4,1315,422,30,76,1,-1,-1,-1
72,0,699,380,39,83,1,-1,-1,-1
72,1,351,635,39,89,1,-1,-1,-1
72,2,131,614,45,99,1,-1,-1,-1
72,3,162,509,56,92,1,-1,-1,-1
72,4,1309,421,33,78,1,-1,-1,-1
73,0,703,381,39,84,1,-1,-1,-1
73,1,358,635,34,94,1,-1,-1,-1
73,2,133,613,47,102,1,-1,-1,-1
73,3,169,511,50,86,1,-1,-1,-1
73,4,1306,422,35,77,1,-1,-1,-1
74,0,709,381,33,81,1,-1,-1,-1
74,1,361,635,40,101,1,-1,-1,-1
74,2,133,615,49,99,1,-1,-1,-1
74,3,173,512,51,90,1,-1,-1,-1
74,4,1300,423,39,76,1,-1,-1,-1
75,0,714,379,36,82,1,-1,-1,-1
75,1,369,635,34,100,1,-1,-1,-1
75,2,137,617,47,94,1,-1,-1,-1
75,3,183,510,46,89,1,-1,-1,-1
75,4,1296,422,42,80,1,-1,-1,-1
76,0,719,376,33,85,1,-1,-1,-1
76,1,375,636,33,100,1,-1,-1,-1
76,2,140,617,46,93,1,-1,-1,-1
76,3,194,511,43,87,1,-1,-1,-1
76,4,1295,425,43,81,1,-1,-1,-1
77,0,723,373,31,86,1,-1,-1,-1
77,1,381,633,32,99,1,-1,-1,-1
77,2,142,618,48,92,1,-1,-1,-1
77,3,204,510,37,88,1,-1,-1,-1
77,4,1300,426,40,79,1,-1,-1,-1
78,0,728,372,31,86,1,-1,-1,-1
78,1,387,634,32,99,1,-1,-1,-1
78,2,146,618,47,94,1,-1,-1,-1
78,3,212,508,34,90,1,-1,-1,-1
78,4,1304,429,38,80,1,-1,-1,-1
79,0,731,373,36,87,1,-1,-1,-1
79,1,1007,797,48,105,1,-1,-1,-1
79,2,392,634,31,98,1,-1,-1,-1
79,3,147,619,50,94,1,-1,-1,-1
79,4,1305,430,38,82,1,-1,-1,-1
80,0,736,373,38,85,1,-1,-1,-1
80,1,396,632,29,100,1,-1,-1,-1
80,2,151,619,50,96,1,-1,-1,-1
80,3,225,509,35,87,1,-1,-1,-1
80,4,1304,429,40,82,1,-1,-1,-1
81,0,741,372,36,88,1,-1,-1,-1
81,1,405,630,29,101,1,-1,-1,-1
81,2,155,621,54,94,1,-1,-1,-1
81,3,229,509,53,89,1,-1,-1,-1
81,4,1307,430,42,83,1,-1,-1,-1
82,0,747,373,35,86,1,-1,-1,-1
82,1,410,634,26,95,1,-1,-1,-1
82,2,157,621,55,95,1,-1,-1,-1
82,3,260,243,39,84,1,-1,-1,-1
82,4,1309,433,43,77,1,-1,-1,-1
83,0,750,374,33,79,1,-1,-1,-1
83,1,416,633,26,95,1,-1,-1,-1
83,2,159,621,52,95,1,-1,-1,-1
83,3,260,245,44,82,1,-1,-1,-1
83,4,1313,433,43,80,1,-1,-1,-1
84,0,755,375,34,79,1,-1,-1,-1
84,1,419,631,28,99,1,-1,-1,-1
84,2,161,620,50,97,1,-1,-1,-1
84,3,261,245,47,81,1,-1,-1,-1
84,4,1318,435,43,75,1,-1,-1,-1
85,0,761,373,33,80,1,-1,-1,-1
85,1,427,630,28,102,1,-1,-1,-1
85,2,164,618,45,96,1,-1,-1,-1
85,3,267,246,45,80,1,-1,-1,-1
85,4,1323,435,42,77,1,-1,-1,-1
86,0,764,371,33,81,1,-1,-1,-1
86,1,430,630,28,99,1,-1,-1,-1
86,2,165,617,43,99,1,-1,-1,-1
86,3,268,243,47,81,1,-1,-1,-1
86,4,1327,437,44,76,1,-1,-1,-1
87,0,765,370,38,86,1,-1,-1,-1
87,1,435,634,29,93,1,-1,-1,-1
87,2,165,617,43,99,1,-1,-1,-1
87,3,273,247,45,78,1,-1,-1,-1
87,4,1065,814,41,105,1,-1,-1,-1
88,0,772,371,33,80,1,-1,-1,-1
88,1,440,635,29,93,1,-1,-1,-1
88,2,167,617,40,101,1,-1,-1,-1
88,3,275,245,40,79,1,-1,-1,-1
88,4,1070,816,43,109,1,-1,-1,-1
89,0,775,370,35,79,1,-1,-1,-1
89,1,445,631,29,100,1,-1,-1,-1
89,2,167,620,41,99,1,-1,-1,-1
89,3,279,244,35,78,1,-1,-1,-1
89,4,1076,818,41,108,1,-1,-1,-1
90,0,778,368,36,82,1,-1,-1,-1
90,1,450,632,29,97,1,-1,-1,-1
90,2,167,622,44,98,1,-1,-1,-1
90,3,280,240,31,83,1,-1,-1,-1
90,4,1350,443,36,77,1,-1,-1,-1
91,0,784,365,33,84,1,-1,-1,-1
91,1,454,632,27,97,1,-1,-1,-1
91,2,167,624,45,99,1,-1,-1,-1
91,3,57,311,27,74,1,-1,-1,-1
91,4,1351,443,42,77,1,-1,-1,-1
92,0,789,366,32,83,1,-1,-1,-1
92,1,458,635,28,95,1,-1,-1,-1
92,2,167,624,48,99,1,-1,-1,-1
92,3,65,313,25,72,1,-1,-1,-1
92,4,1356,447,44,76,1,-1,-1,-1
93,0,796,366,29,78,1,-1,-1,-1
93,1,463,634,28,97,1,-1,-1,-1
93,2,166,624,51,97,1,-1,-1,-1
93,3,71,313,26,72,1,-1,-1,-1
93,4,1357,451,52,75,1,-1,-1,-1
94,0,798,361,29,80,1,-1,-1,-1
94,1,465,632,28,99,1,-1,-1,-1
94,2,168,623,49,99,1,-1,-1,-1
94,3,77,309,28,76,1,-1,-1,-1
94,4,1362,457,45,73,1,-1,-1,-1
95,0,803,360,29,80,1,-1,-1,-1
95,1,471,630,27,98,1,-1,-1,-1
95,2,167,621,51,100,1,-1,-1,-1
95,3,83,308,32,71,1,-1,-1,-1
95,4,1360,454,51,74,1,-1,-1,-1
96,0,808,356,28,83,1,-1,-1,-1
96,1,477,629,27,102,1,-1,-1,-1
96,2,167,619,48,101,1,-1,-1,-1
96,3,89,306,39,71,1,-1,-1,-1
96,4,1357,453,54,71,1,-1,-1,-1
97,0,809,357,29,83,1,-1,-1,-1
97,1,481,627,25,98,1,-1,-1,-1
97,2,168,615,43,105,1,-1,-1,-1
97,3,92,301,42,74,1,-1,-1,-1
97,4,1123,819,37,112,1,-1,-1,-1
98,0,814,351,29,84,1,-1,-1,-1
98,1,483,629,24,92,1,-1,-1,-1
98,2,168,611,41,105,1,-1,-1,-1
98,3,96,298,45,75,1,-1,-1,-1
98,4,1128,817,40,116,1,-1,-1,-1
99,0,817,352,33,78,1,-1,-1,-1
99,1,486,626,23,94,1,-1,-1,-1
99,2,168,609,38,108,1,-1,-1,-1
99,3,102,297,43,74,1,-1,-1,-1
99,4,1132,812,40,119,1,-1,-1,-1
100,0,820,349,29,78,1,-1,-1,-1
100,1,490,621,24,96,1,-1,-1,-1
100,2,168,609,37,104,1,-1,-1,-1
100,3,108,294,41,75,1,-1,-1,-1
100,4,1136,812,43,120,1,-1,-1,-1
101,0,822,342,29,83,1,-1,-1,-1
101,1,495,619,24,98,1,-1,-1,-1
101,2,166,608,37,106,1,-1,-1,-1
101,3,114,292,36,74,1,-1,-1,-1
101,4,1145,815,37,117,1,-1,-1,-1
102,0,826,340,31,80,1,-1,-1,-1
102,1,496,620,25,96,1,-1,-1,-1
102,2,165,608,35,101,1,-1,-1,-1
102,3,119,288,40,75,1,-1,-1,-1
102,4,1147,818,45,116,1,-1,-1,-1
103,0,828,335,34,85,1,-1,-1,-1
103,1,501,622,23,90,1,-1,-1,-1
103,2,157,606,45,105,1,-1,-1,-1
103,3,128,287,32,73,1,-1,-1,-1
103,4,1151,818,49,117,1,-1,-1,-1
104,0,831,334,31,84,1,-1,-1,-1
104,1,503,618,26,92,1,-1,-1,-1
104,2,153,605,50,105,1,-1,-1,-1
104,3,135,284,29,73,1,-1,-1,-1
104,4,1155,822,55,110,1,-1,-1,-1
105,0,835,330,31,81,1,-1,-1,-1
105,1,507,623,25,87,1,-1,-1,-1
105,2,152,603,55,103,1,-1,-1,-1
105,3,141,279,26,72,1,-1,-1,-1
105,4,1160,820,57,114,1,-1,-1,-1
106,0,836,327,34,81,1,-1,-1,-1
106,1,509,619,27,90,1,-1,-1,-1
106,2,153,602,58,101,1,-1,-1,-1
106,3,147,274,26,74,1,-1,-1,-1
106,4,1164,822,64,114,1,-1,-1,-1
107,0,839,323,33,82,1,-1,-1,-1
107,1,509,616,30,92,1,-1,-1,-1
107,2,154,600,59,101,1,-1,-1,-1
107,3,152,272,28,74,1,-1,-1,-1
107,4,1167,821,68,114,1,-1,-1,-1
108,0,843,321,30,81,1,-1,-1,-1
108,1,512,614,32,91,1,-1,-1,-1
108,2,156,597,54,103,1,-1,-1,-1
108,3,158,269,27,76,1,-1,-1,-1
108,4,1174,821,66,113,1,-1,-1,-1
109,0,846,317,32,81,1,-1,-1,-1
109,1,514,611,33,94,1,-1,-1,-1
109,2,158,593,45,103,1,-1,-1,-1
109,3,162,269,30,77,1,-1,-1,-1
109,4,1177,819,68,114,1,-1,-1,-1
110,0,849,316,32,82,1,-1,-1,-1
110,1,518,607,30,96,1,-1,-1,-1
110,2,159,588,33,106,1,-1,-1,-1
110,3,169,269,29,73,1,-1,-1,-1
110,4,1185,814,64,116,1,-1,-1,-1
111,0,853,314,32,81,1,-1,-1,-1
111,1,521,606,32,92,1,-1,-1,-1
111,2,159,588,30,101,1,-1,-1,-1
111,3,174,267,33,75,1,-1,-1,-1
111,4,1192,810,62,117,1,-1,-1,-1
112,0,856,312,37,83,1,-1,-1,-1
112,1,525,605,31,94,1,-1,-1,-1
112,2,159,586,28,102,1,-1,-1,-1
112,3,181,268,32,71,1,-1,-1,-1
112,4,1200,809,61,115,1,-1,-1,-1
113,0,861,312,33,81,1,-1,-1,-1
113,1,526,600,34,97,1,-1,-1,-1
113,2,157,586,31,100,1,-1,-1,-1
113,3,187,267,32,71,1,-1,-1,-1
113,4,1211,806,55,117,1,-1,-1,-1
114,0,865,311,31,80,1,-1,-1,-1
114,1,534,604,33,92,1,-1,-1,-1
114,2,154,585,34,101,1,-1,-1,-1
114,3,193,264,32,74,1,-1,-1,-1
114,4,1220,803,54,114,1,-1,-1,-1
115,0,330,181,27,81,1,-1,-1,-1
115,1,537,603,31,95,1,-1,-1,-1
115,2,150,587,46,102,1,-1,-1,-1
115,3,201,262,31,72,1,-1,-1,-1
115,4,1224,804,60,112,1,-1,-1,-1
116,0,872,304,30,81,1,-1,-1,-1
116,1,543,601,35,99,1,-1,-1,-1
116,2,150,587,51,100,1,-1,-1,-1
116,3,208,263,28,70,1,-1,-1,-1
116,4,1232,805,62,111,1,-1,-1,-1
117,0,878,303,29,81,1,-1,-1,-1
117,1,547,603,32,98,1,-1,-1,-1
117,2,152,586,53,102,1,-1,-1,-1
117,3,216,261,29,74,1,-1,-1,-1
117,4,1240,806,62,109,1,-1,-1,-1
118,0,882,301,32,83,1,-1,-1,-1
118,1,552,608,34,94,1,-1,-1,-1
118,2,155,586,57,100,1,-1,-1,-1
118,3,223,260,32,72,1,-1,-1,-1
118,4,1244,809,66,106,1,-1,-1,-1
119,0,889,302,29,78,1,-1,-1,-1
119,1,557,607,34,94,1,-1,-1,-1
119,2,156,584,57,100,1,-1,-1,-1
119,3,499,462,46,85,1,-1,-1,-1
119,4,1249,809,65,104,1,-1,-1,-1
120,0,506,466,45,80,1,-1,-1,-1
120,1,559,609,33,91,1,-1,-1,-1
120,2,154,581,62,102,1,-1,-1,-1
120,3,345,171,35,84,1,-1,-1,-1
120,4,891,298,29,80,1,-1,-1,-1
121,0,510,459,51,86,1,-1,-1,-1
121,1,561,610,37,88,1,-1,-1,-1
121,2,152,578,58,102,1,-1,-1,-1
121,3,342,168,44,84,1,-1,-1,-1
121,4,894,295,32,82,1,-1,-1,-1
122,0,521,457,45,85,1,-1,-1,-1
122,1,567,608,35,95,1,-1,-1,-1
122,2,151,573,49,103,1,-1,-1,-1
122,3,347,170,46,79,1,-1,-1,-1
122,4,898,295,33,77,1,-1,-1,-1
123,0,526,455,50,84,1,-1,-1,-1
123,1,570,608,35,89,1,-1,-1,-1
123,2,152,570,46,105,1,-1,-1,-1
123,3,352,166,44,83,1,-1,-1,-1
123,4,901,290,38,83,1,-1,-1,-1
124,0,908,290,32,79,1,-1,-1,-1
124,1,575,609,33,85,1,-1,-1,-1
124,2,153,567,39,104,1,-1,-1,-1
124,3,536,453,49,86,1,-1,-1,-1
124,4,1271,788,54,112,1,-1,-1,-1
125,0,909,285,35,81,1,-1,-1,-1
125,1,581,608,33,84,1,-1,-1,-1
125,2,153,565,38,105,1,-1,-1,-1
125,3,266,245,35,75,1,-1,-1,-1
125,4,1275,786,45,112,1,-1,-1,-1
126,0,559,449,40,86,1,-1,-1,-1
126,1,586,604,33,89,1,-1,-1,-1
126,2,151,568,41,101,1,-1,-1,-1
126,3,371,157,38,84,1,-1,-1,-1
126,4,912,286,36,78,1,-1,-1,-1
127,0,1276,782,38,116,1,-1,-1,-1
127,1,593,605,32,89,1,-1,-1,-1
127,2,150,569,45,101,1,-1,-1,-1
127,3,279,246,34,68,1,-1,-1,-1
127,4,1507,356,57,95,1,-1,-1,-1
128,0,921,280,30,77,1,-1,-1,-1
128,1,598,604,33,88,1,-1,-1,-1
128,2,147,571,52,98,1,-1,-1,-1
128,3,285,245,37,69,1,-1,-1,-1
128,4,1275,782,46,114,1,-1,-1,-1
129,0,1271,779,55,118,1,-1,-1,-1
129,1,606,601,36,92,1,-1,-1,-1
129,2,145,570,61,97,1,-1,-1,-1
129,3,389,152,28,82,1,-1,-1,-1
129,4,1526,351,53,93,1,-1,-1,-1
130,0,924,276,37,83,1,-1,-1,-1
130,1,611,599,38,97,1,-1,-1,-1
130,2,146,571,67,94,1,-1,-1,-1
130,3,394,149,28,82,1,-1,-1,-1
130,4,1268,776,64,119,1,-1,-1,-1
131,0,926,275,44,82,1,-1,-1,-1
131,1,1267,779,70,114,1,-1,-1,-1
131,2,151,570,67,92,1,-1,-1,-1
131,3,606,443,40,82,1,-1,-1,-1
131,4,1541,347,54,94,1,-1,-1,-1
132,0,930,272,45,86,1,-1,-1,-1
132,1,1268,777,73,112,1,-1,-1,-1
132,2,150,568,72,92,1,-1,-1,-1
132,3,614,446,42,81,1,-1,-1,-1
132,4,1553,341,48,98,1,-1,-1,-1
133,0,931,270,52,85,1,-1,-1,-1
133,1,628,605,42,86,1,-1,-1,-1
133,2,148,567,74,92,1,-1,-1,-1
133,3,622,442,44,84,1,-1,-1,-1
133,4,1270,775,73,114,1,-1,-1,-1
134,0,1650,520,40,98,1,-1,-1,-1
134,1,1277,772,65,113,1,-1,-1,-1
134,2,150,567,56,91,1,-1,-1,-1
134,3,938,269,52,86,1,-1,-1,-1
134,4,1714,539,43,101,1,-1,-1,-1
135,0,1654,522,33,97,1,-1,-1,-1
135,1,1283,766,55,116,1,-1,-1,-1
135,2,147,566,65,88,1,-1,-1,-1
135,3,945,266,51,87,1,-1,-1,-1
135,4,1715,538,46,107,1,-1,-1,-1
136,0,1288,766,50,111,1,-1,-1,-1
136,1,652,600,45,95,1,-1,-1,-1
136,2,150,562,59,94,1,-1,-1,-1
136,3,952,265,49,86,1,-1,-1,-1
136,4,1594,333,38,95,1,-1,-1,-1
137,0,1291,766,54,113,1,-1,-1,-1
137,1,662,605,43,93,1,-1,-1,-1
137,2,151,560,58,91,1,-1,-1,-1
137,3,961,264,39,83,1,-1,-1,-1
137,4,1654,519,43,93,1,-1,-1,-1
138,0,1612,331,37,95,1,-1,-1,-1
138,1,1294,766,56,111,1,-1,-1,-1
138,2,150,555,66,92,1,-1,-1,-1
138,3,969,262,38,84,1,-1,-1,-1
138,4,1654,517,50,95,1,-1,-1,-1
139,0,976,258,29,87,1,-1,-1,-1
139,1,1292,765,62,113,1,-1,-1,-1
139,2,150,551,70,98,1,-1,-1,-1
139,3,350,227,42,73,1,-1,-1,-1
139,4,1621,327,39,101,1,-1,-1,-1
140,0,983,258,28,84,1,-1,-1,-1
140,1,1291,761,68,115,1,-1,-1,-1
140,2,152,552,66,99,1,-1,-1,-1
140,3,357,223,43,78,1,-1,-1,-1
140,4,1656,517,62,101,1,-1,-1,-1
141,0,1660,519,61,100,1,-1,-1,-1
141,1,1294,760,68,115,1,-1,-1,-1
141,2,155,552,48,101,1,-1,-1,-1
141,3,989,258,28,85,1,-1,-1,-1
141,4,1741,540,40,98,1,-1,-1,-1
142,0,994,258,33,88,1,-1,-1,-1
142,1,1298,761,71,111,1,-1,-1,-1
142,2,157,552,43,100,1,-1,-1,-1
142,3,370,222,42,81,1,-1,-1,-1
142,4,1663,522,48,102,1,-1,-1,-1
143,0,713,606,53,97,1,-1,-1,-1
143,1,477,130,28,84,1,-1,-1,-1
143,2,162,552,34,98,1,-1,-1,-1
143,3,376,220,43,80,1,-1,-1,-1
143,4,998,258,36,87,1,-1,-1,-1
144,0,1001,257,43,89,1,-1,-1,-1
144,1,1315,755,62,116,1,-1,-1,-1
144,2,160,553,43,97,1,-1,-1,-1
144,3,382,221,42,79,1,-1,-1,-1
144,4,1664,528,45,97,1,-1,-1,-1
145,0,1010,258,39,84,1,-1,-1,-1
145,1,1329,755,53,117,1,-1,-1,-1
145,2,161,550,45,97,1,-1,-1,-1
145,3,390,221,38,78,1,-1,-1,-1
145,4,1658,527,53,95,1,-1,-1,-1
146,0,1014,259,41,83,1,-1,-1,-1
146,1,1338,753,49,117,1,-1,-1,-1
146,2,163,547,45,97,1,-1,-1,-1
146,3,398,223,35,75,1,-1,-1,-1
146,4,1656,527,58,89,1,-1,-1,-1
147,0,1022,257,40,85,1,-1,-1,-1
147,1,1344,753,50,117,1,-1,-1,-1
147,2,165,547,51,95,1,-1,-1,-1
147,3,406,224,30,74,1,-1,-1,-1
147,4,1654,526,65,95,1,-1,-1,-1
148,0,1656,529,68,95,1,-1,-1,-1
148,1,1353,754,48,116,1,-1,-1,-1
148,2,165,543,59,101,1,-1,-1,-1
148,3,1032,256,30,82,1,-1,-1,-1
148,4,1768,542,42,99,1,-1,-1,-1
149,0,1657,529,58,98,1,-1,-1,-1
149,1,1360,754,41,116,1,-1,-1,-1
149,2,165,542,65,101,1,-1,-1,-1
149,3,1037,256,34,83,1,-1,-1,-1
149,4,1773,543,40,99,1,-1,-1,-1
150,0,1779,541,39,104,1,-1,-1,-1
150,1,1366,750,37,120,1,-1,-1,-1
150,2,165,542,71,101,1,-1,-1,-1
150,3,427,224,35,76,1,-1,-1,-1
150,4,1660,532,39,96,1,-1,-1,-1
151,0,1782,542,41,106,1,-1,-1,-1
151,1,1369,749,41,120,1,-1,-1,-1
151,2,169,545,77,100,1,-1,-1,-1
151,4,1660,534,46,95,1,-1,-1,-1
152,0,1783,543,44,107,1,-1,-1,-1
152,1,1371,749,45,112,1,-1,-1,-1
152,2,182,543,52,96,1,-1,-1,-1
152,3,441,223,45,80,1,-1,-1,-1
152,4,1658,534,50,96,1,-1,-1,-1
153,0,1064,255,30,83,1,-1,-1,-1
153,1,1372,749,55,109,1,-1,-1,-1
153,2,188,543,42,91,1,-1,-1,-1
153,3,453,224,43,78,1,-1,-1,-1
153,4,1782,542,48,108,1,-1,-1,-1
154,0,1068,255,37,84,1,-1,-1,-1
154,1,854,639,77,86,1,-1,-1,-1
154,2,96,673,46,114,1,-1,-1,-1
154,3,193,541,47,98,1,-1,-1,-1
154,4,1373,746,59,112,1,-1,-1,-1
155,0,1376,743,61,113,1,-1,-1,-1
155,1,866,633,81,90,1,-1,-1,-1
155,2,198,540,53,98,1,-1,-1,-1
155,3,1070,254,44,85,1,-1,-1,-1
155,4,1648,532,70,98,1,-1,-1,-1
156,0,1645,531,72,97,1,-1,-1,-1
156,1,875,631,80,90,1,-1,-1,-1
156,2,204,537,46,103,1,-1,-1,-1
156,3,1382,741,53,111,1,-1,-1,-1
156,4,1795,544,41,106,1,-1,-1,-1
157,0,1385,739,44,111,1,-1,-1,-1
157,1,896,628,75,89,1,-1,-1,-1
157,2,214,535,45,105,1,-1,-1,-1
157,3,484,226,34,73,1,-1,-1,-1
157,4,1645,533,62,93,1,-1,-1,-1
158,0,1804,545,31,102,1,-1,-1,-1
158,1,1389,735,41,114,1,-1,-1,-1
158,2,225,536,42,103,1,-1,-1,-1
158,4,1647,536,53,92,1,-1,-1,-1
159,0,1108,259,45,84,1,-1,-1,-1
159,1,1385,733,54,115,1,-1,-1,-1
159,2,166,665,49,122,1,-1,-1,-1
159,3,233,535,42,105,1,-1,-1,-1
159,4,1646,542,41,85,1,-1,-1,-1
160,0,1116,259,46,82,1,-1,-1,-1
160,1,1384,732,59,106,1,-1,-1,-1
160,2,241,535,44,104,1,-1,-1,-1
160,3,515,227,35,77,1,-1,-1,-1
160,4,1642,542,49,82,1,-1,-1,-1
161,0,1807,545,51,107,1,-1,-1,-1
161,1,1395,728,45,98,1,-1,-1,-1
161,2,253,538,42,100,1,-1,-1,-1
161,3,1828,322,45,90,1,-1,-1,-1
161,4,1636,538,61,88,1,-1,-1,-1
162,0,1394,728,54,99,1,-1,-1,-1
162,1,1010,624,49,81,1,-1,-1,-1
162,2,208,676,61,112,1,-1,-1,-1
162,3,258,540,44,92,1,-1,-1,-1
162,4,1630,536,72,92,1,-1,-1,-1
163,0,1145,260,31,83,1,-1,-1,-1
163,1,1399,731,51,91,1,-1,-1,-1
163,2,259,539,55,97,1,-1,-1,-1
163,3,547,235,32,75,1,-1,-1,-1
163,4,1628,537,75,89,1,-1,-1,-1
164,0,1406,735,47,80,1,-1,-1,-1
164,1,1050,627,59,65,1,-1,-1,-1
164,2,265,540,56,98,1,-1,-1,-1
164,3,554,235,32,74,1,-1,-1,-1
164,4,1630,539,65,87,1,-1,-1,-1
165,0,1405,736,54,77,1,-1,-1,-1
165,1,1062,633,60,58,1,-1,-1,-1
165,2,272,537,59,100,1,-1,-1,-1
165,3,566,239,28,72,1,-1,-1,-1
165,4,1630,538,51,91,1,-1,-1,-1
166,0,1826,555,49,102,1,-1,-1,-1
166,1,574,239,25,71,1,-1,-1,-1
166,2,278,537,62,100,1,-1,-1,-1
166,4,1628,541,36,90,1,-1,-1,-1
167,0,1094,636,49,64,1,-1,-1,-1
167,1,580,237,27,75,1,-1,-1,-1
167,2,286,538,63,99,1,-1,-1,-1
167,3,56,471,31,101,1,-1,-1,-1
167,4,1620,537,49,92,1,-1,-1,-1
168,0,1109,640,53,64,1,-1,-1,-1
168,1,1393,735,81,84,1,-1,-1,-1
168,2,295,538,56,98,1,-1,-1,-1
168,3,586,238,28,76,1,-1,-1,-1
168,4,1616,535,59,91,1,-1,-1,-1
169,0,1122,640,52,63,1,-1,-1,-1
169,1,1394,735,76,83,1,-1,-1,-1
169,2,302,537,50,96,1,-1,-1,-1
169,4,1606,533,75,87,1,-1,-1,-1
170,0,1600,532,84,86,1,-1,-1,-1
170,1,1394,739,72,76,1,-1,-1,-1
170,2,311,537,47,95,1,-1,-1,-1
170,3,1137,646,49,57,1,-1,-1,-1
170,4,1841,558,51,106,1,-1,-1,-1
171,0,605,239,41,73,1,-1,-1,-1
171,2,320,535,41,96,1,-1,-1,-1
171,4,1605,533,76,82,1,-1,-1,-1
172,1,331,532,40,99,1,-1,-1,-1
172,4,1619,532,61,83,1,-1,-1,-1
173,0,1403,739,66,84,1,-1,-1,-1
173,4,1630,533,57,79,1,-1,-1,-1
174,0,1632,528,49,86,1,-1,-1,-1
174,1,635,244,48,68,1,-1,-1,-1
174,2,352,529,42,99,1,-1,-1,-1
174,4,1880,563,36,98,1,-1,-1,-1
175,0,1209,650,54,68,1,-1,-1,-1
175,1,360,529,42,96,1,-1,-1,-1
175,4,1634,524,46,94,1,-1,-1,-1
176,0,1221,656,51,71,1,-1,-1,-1
176,1,1409,740,51,83,1,-1,-1,-1
176,2,372,530,37,94,1,-1,-1,-1
176,3,654,245,55,69,1,-1,-1,-1
176,4,1639,525,49,89,1,-1,-1,-1
177,0,1234,651,50,75,1,-1,-1,-1
177,1,1409,741,47,89,1,-1,-1,-1
177,2,377,530,43,92,1,-1,-1,-1
177,3,666,247,54,67,1,-1,-1,-1
177,4,1642,523,58,89,1,-1,-1,-1
178,0,1245,655,54,71,1,-1,-1,-1
178,1,384,529,49,91,1,-1,-1,-1
178,2,210,480,39,96,1,-1,-1,-1
178,3,676,247,51,66,1,-1,-1,-1
178,4,1408,741,59,91,1,-1,-1,-1
179,0,1410,741,64,96,1,-1,-1,-1
179,1,464,693,53,99,1,-1,-1,-1
179,2,389,528,55,87,1,-1,-1,-1
179,3,221,483,40,91,1,-1,-1,-1
179,4,1248,657,62,68,1,-1,-1,-1
180,0,1414,740,63,102,1,-1,-1,-1
180,1,399,527,58,86,1,-1,-1,-1
180,2,232,487,44,92,1,-1,-1,-1
180,3,696,245,43,68,1,-1,-1,-1
180,4,1640,522,83,84,1,-1,-1,-1
181,0,1271,665,63,75,1,-1,-1,-1
181,1,1420,743,66,102,1,-1,-1,-1
181,2,408,527,62,89,1,-1,-1,-1
181,3,245,489,46,87,1,-1,-1,-1
181,4,1648,522,80,86,1,-1,-1,-1
182,0,1279,667,63,77,1,-1,-1,-1
182,1,1424,743,59,99,1,-1,-1,-1
182,2,418,523,61,89,1,-1,-1,-1
182,3,258,488,49,89,1,-1,-1,-1
182,4,1659,524,71,81,1,-1,-1,-1
183,0,1293,670,52,72,1,-1,-1,-1
183,1,1433,743,45,90,1,-1,-1,-1
183,2,428,520,58,94,1,-1,-1,-1
183,3,273,490,48,88,1,-1,-1,-1
183,4,1671,524,58,76,1,-1,-1,-1
184,0,1437,743,38,87,1,-1,-1,-1
184,1,437,515,51,94,1,-1,-1,-1
184,2,285,489,46,89,1,-1,-1,-1
184,3,737,236,38,73,1,-1,-1,-1
184,4,1308,674,45,66,1,-1,-1,-1
185,0,1437,743,51,88,1,-1,-1,-1
185,1,446,514,45,90,1,-1,-1,-1
185,2,297,490,49,89,1,-1,-1,-1
185,3,750,236,37,70,1,-1,-1,-1
185,4,1314,673,50,70,1,-1,-1,-1
186,0,1324,673,52,75,1,-1,-1,-1
186,1,1439,744,58,90,1,-1,-1,-1
186,2,591,699,58,94,1,-1,-1,-1
186,3,315,493,41,88,1,-1,-1,-1
186,4,1692,520,43,85,1,-1,-1,-1
187,0,1440,745,66,97,1,-1,-1,-1
187,1,605,697,59,99,1,-1,-1,-1
187,2,326,495,43,83,1,-1,-1,-1
187,3,771,236,38,71,1,-1,-1,-1
187,4,1334,672,55,87,1,-1,-1,-1
188,0,1344,675,55,90,1,-1,-1,-1
188,1,1441,745,68,101,1,-1,-1,-1
188,2,620,703,58,94,1,-1,-1,-1
188,3,343,498,38,80,1,-1,-1,-1
188,4,1695,519,65,84,1,-1,-1,-1
189,0,1448,749,56,89,1,-1,-1,-1
189,1,490,507,45,92,1,-1,-1,-1
189,2,641,702,53,92,1,-1,-1,-1
189,3,355,500,37,80,1,-1,-1,-1
189,4,1352,679,53,63,1,-1,-1,-1
190,0,1363,681,46,77,1,-1,-1,-1
190,1,500,510,46,91,1,-1,-1,-1
190,2,1446,749,58,95,1,-1,-1,-1
190,3,372,500,35,80,1,-1,-1,-1
190,4,1704,522,71,81,1,-1,-1,-1
191,0,1446,747,61,94,1,-1,-1,-1
191,1,508,510,50,89,1,-1,-1,-1
191,2,386,500,33,81,1,-1,-1,-1
191,4,1371,684,48,71,1,-1,-1,-1
192,0,909,390,54,81,1,-1,-1,-1
192,1,515,512,59,87,1,-1,-1,-1
192,2,1456,749,60,93,1,-1,-1,-1
192,3,402,495,36,86,1,-1,-1,-1
192,4,1383,686,51,84,1,-1,-1,-1
193,0,1464,750,65,96,1,-1,-1,-1
193,1,526,511,67,88,1,-1,-1,-1
193,2,418,495,34,85,1,-1,-1,-1
193,4,1395,688,59,90,1,-1,-1,-1
194,0,937,396,54,77,1,-1,-1,-1
194,1,1405,691,59,87,1,-1,-1,-1
194,2,1472,753,67,104,1,-1,-1,-1
194,3,541,512,69,83,1,-1,-1,-1
194,4,1763,520,33,81,1,-1,-1,-1
195,0,1415,696,54,89,1,-1,-1,-1
195,1,558,510,69,84,1,-1,-1,-1
195,2,1477,755,74,109,1,-1,-1,-1
195,4,1774,519,38,86,1,-1,-1,-1
196,0,1427,697,46,83,1,-1,-1,-1
196,1,574,511,68,81,1,-1,-1,-1
196,4,1779,521,50,90,1,-1,-1,-1
197,0,1438,698,41,78,1,-1,-1,-1
197,1,590,510,63,79,1,-1,-1,-1
197,2,1491,760,66,110,1,-1,-1,-1
197,4,1780,521,61,87,1,-1,-1,-1
198,0,1448,702,41,80,1,-1,-1,-1
198,1,601,508,64,81,1,-1,-1,-1
198,2,1508,765,52,98,1,-1,-1,-1
198,4,1788,523,68,88,1,-1,-1,-1
199,0,1456,706,40,87,1,-1,-1,-1
199,1,614,506,59,84,1,-1,-1,-1
199,2,1519,765,42,95,1,-1,-1,-1
199,4,1798,527,65,86,1,-1,-1,-1
200,0,1017,394,65,86,1,-1,-1,-1
200,1,1460,705,44,95,1,-1,-1,-1
200,2,1522,764,43,97,1,-1,-1,-1
200,3,630,500,53,87,1,-1,-1,-1
200,4,1811,527,54,86,1,-1,-1,-1
201,0,1027,398,58,83,1,-1,-1,-1
201,1,1467,708,41,97,1,-1,-1,-1
201,2,1527,768,47,90,1,-1,-1,-1
201,3,640,500,55,86,1,-1,-1,-1
201,4,1823,529,40,85,1,-1,-1,-1
202,0,1467,715,45,87,1,-1,-1,-1
202,1,654,497,52,88,1,-1,-1,-1
202,2,1529,763,53,93,1,-1,-1,-1
202,4,1833,529,32,85,1,-1,-1,-1
203,0,1046,401,44,73,1,-1,-1,-1
203,1,1479,716,38,85,1,-1,-1,-1
203,2,1528,763,60,101,1,-1,-1,-1
203,3,663,499,56,88,1,-1,-1,-1
203,4,1593,269,50,80,1,-1,-1,-1
204,0,1053,400,43,76,1,-1,-1,-1
204,1,1484,719,37,79,1,-1,-1,-1
204,2,1531,763,62,111,1,-1,-1,-1
204,3,674,498,55,87,1,-1,-1,-1
204,4,1603,269,47,78,1,-1,-1,-1
205,0,1060,401,50,79,1,-1,-1,-1
205,1,685,498,51,85,1,-1,-1,-1
205,2,1535,764,57,104,1,-1,-1,-1
205,3,1003,242,34,64,1,-1,-1,-1
205,4,1486,719,38,92,1,-1,-1,-1
206,0,1066,399,52,81,1,-1,-1,-1
206,1,630,512,42,86,1,-1,-1,-1
206,2,1543,767,48,94,1,-1,-1,-1
206,3,696,497,46,89,1,-1,-1,-1
206,4,1490,721,42,98,1,-1,-1,-1
207,0,1073,398,51,84,1,-1,-1,-1
207,1,646,513,38,85,1,-1,-1,-1
207,2,966,721,61,94,1,-1,-1,-1
207,3,706,496,38,72,1,-1,-1,-1
207,4,1495,724,39,96,1,-1,-1,-1
208,0,1078,396,56,87,1,-1,-1,-1
208,1,1499,726,38,92,1,-1,-1,-1
208,2,1547,772,50,93,1,-1,-1,-1
208,3,714,492,42,88,1,-1,-1,-1
208,4,1675,475,34,77,1,-1,-1,-1
209,0,1085,396,54,84,1,-1,-1,-1
209,1,678,513,36,97,1,-1,-1,-1
209,2,1547,772,63,94,1,-1,-1,-1
209,3,724,491,45,89,1,-1,-1,-1
209,4,1503,726,39,89,1,-1,-1,-1
210,0,1094,397,42,77,1,-1,-1,-1
210,1,1551,772,57,99,1,-1,-1,-1
210,2,1019,722,40,93,1,-1,-1,-1
210,3,734,490,44,85,1,-1,-1,-1
210,4,1507,728,42,85,1,-1,-1,-1
211,0,1102,398,35,76,1,-1,-1,-1
211,1,743,486,50,87,1,-1,-1,-1
211,2,1541,772,68,102,1,-1,-1,-1
211,3,211,466,66,70,1,-1,-1,-1
211,4,1511,729,44,96,1,-1,-1,-1
212,0,1071,241,33,68,1,-1,-1,-1
212,1,748,487,54,84,1,-1,-1,-1
212,2,596,1034,50,45,1,-1,-1,-1
212,3,224,464,70,70,1,-1,-1,-1
212,4,1108,398,36,77,1,-1,-1,-1
213,0,1112,397,38,77,1,-1,-1,-1
213,1,756,482,51,85,1,-1,-1,-1
213,2,1051,723,44,85,1,-1,-1,-1
213,3,757,485,33,60,1,-1,-1,-1
213,4,1514,734,42,99,1,-1,-1,-1
214,0,1115,396,44,76,1,-1,-1,-1
214,1,1059,723,52,86,1,-1,-1,-1
214,2,240,463,72,67,1,-1,-1,-1
214,3,44,487,58,72,1,-1,-1,-1
214,4,1514,741,45,98,1,-1,-1,-1
215,0,1093,241,37,66,1,-1,-1,-1
215,1,755,489,51,121,1,-1,-1,-1
215,2,1070,728,45,91,1,-1,-1,-1
215,3,55,487,67,74,1,-1,-1,-1
215,4,1118,394,48,80,1,-1,-1,-1
216,0,978,319,41,83,1,-1,-1,-1
216,1,768,504,46,107,1,-1,-1,-1
216,2,65,487,66,75,1,-1,-1,-1
216,3,280,309,43,81,1,-1,-1,-1
216,4,1120,391,54,83,1,-1,-1,-1
217,0,1119,393,56,80,1,-1,-1,-1
217,1,782,485,38,56,1,-1,-1,-1
217,2,1087,732,44,95,1,-1,-1,-1
217,3,76,485,67,75,1,-1,-1,-1
217,4,1527,764,92,119,1,-1,-1,-1
218,0,1122,393,57,80,1,-1,-1,-1
218,1,793,497,41,125,1,-1,-1,-1
218,2,1092,732,48,98,1,-1,-1,-1
218,3,304,313,32,72,1,-1,-1,-1
218,4,1531,784,75,102,1,-1,-1,-1
219,0,1129,395,50,78,1,-1,-1,-1
219,1,1534,787,62,97,1,-1,-1,-1
219,2,1098,733,55,97,1,-1,-1,-1
219,3,1125,244,23,63,1,-1,-1,-1
219,4,1526,746,31,95,1,-1,-1,-1
220,0,1138,398,38,72,1,-1,-1,-1
220,1,806,495,54,126,1,-1,-1,-1
220,2,1104,738,56,86,1,-1,-1,-1
220,3,1132,244,26,65,1,-1,-1,-1
220,4,1525,748,33,105,1,-1,-1,-1
221,0,1142,399,33,71,1,-1,-1,-1
221,1,1535,795,60,80,1,-1,-1,-1
221,2,1110,740,59,94,1,-1,-1,-1
221,3,104,486,64,76,1,-1,-1,-1
221,4,1527,752,31,98,1,-1,-1,-1
222,0,1147,395,31,73,1,-1,-1,-1
222,1,810,489,80,161,1,-1,-1,-1
222,2,1119,743,62,96,1,-1,-1,-1
222,3,116,486,66,76,1,-1,-1,-1
222,4,1531,753,31,95,1,-1,-1,-1
223,0,831,491,72,135,1,-1,-1,-1
223,1,1130,746,61,98,1,-1,-1,-1
223,2,348,476,51,60,1,-1,-1,-1
223,3,126,486,67,79,1,-1,-1,-1
223,4,1152,395,47,83,1,-1,-1,-1
224,0,1159,397,48,80,1,-1,-1,-1
224,1,1549,790,65,76,1,-1,-1,-1
224,2,1140,747,63,104,1,-1,-1,-1
224,3,840,488,76,144,1,-1,-1,-1
224,4,1539,753,27,83,1,-1,-1,-1
225,0,1161,396,54,81,1,-1,-1,-1
225,1,1555,788,63,77,1,-1,-1,-1
225,2,1147,750,68,103,1,-1,-1,-1
225,3,848,483,82,158,1,-1,-1,-1
225,4,1540,752,32,94,1,-1,-1,-1
226,0,1167,397,57,79,1,-1,-1,-1
226,1,1561,788,65,77,1,-1,-1,-1
226,2,1155,752,63,100,1,-1,-1,-1
226,3,380,476,64,69,1,-1,-1,-1
226,4,1535,752,51,102,1,-1,-1,-1
227,0,859,486,95,198,1,-1,-1,-1
227,1,389,477,62,70,1,-1,-1,-1
227,2,440,951,56,110,1,-1,-1,-1
227,3,169,492,66,75,1,-1,-1,-1
227,4,1173,398,52,79,1,-1,-1,-1
228,0,875,488,102,159,1,-1,-1,-1
228,1,1167,756,59,102,1,-1,-1,-1
228,2,455,950,57,113,1,-1,-1,-1
228,3,180,493,70,76,1,-1,-1,-1
228,4,1188,402,31,68,1,-1,-1,-1
229,0,1196,406,27,71,1,-1,-1,-1
229,1,1538,762,60,95,1,-1,-1,-1
229,2,1175,758,54,101,1,-1,-1,-1
229,3,188,495,71,75,1,-1,-1,-1
229,4,1608,784,53,81,1,-1,-1,-1
230,0,1122,339,38,77,1,-1,-1,-1
230,1,1541,767,54,92,1,-1,-1,-1
230,2,1181,760,57,95,1,-1,-1,-1
230,3,199,495,61,77,1,-1,-1,-1
230,4,1202,407,25,68,1,-1,-1,-1
231,0,1186,762,64,97,1,-1,-1,-1
231,1,427,488,63,75,1,-1,-1,-1
231,2,502,941,56,111,1,-1,-1,-1
231,3,207,496,62,70,1,-1,-1,-1
231,4,1552,766,42,93,1,-1,-1,-1
232,0,1142,343,46,78,1,-1,-1,-1
232,1,906,491,46,67,1,-1,-1,-1
232,2,1193,759,58,100,1,-1,-1,-1
232,3,218,502,58,68,1,-1,-1,-1
232,4,1211,407,41,77,1,-1,-1,-1
233,0,914,493,55,66,1,-1,-1,-1
233,1,1196,762,54,100,1,-1,-1,-1
233,2,533,937,57,110,1,-1,-1,-1
233,3,229,504,63,66,1,-1,-1,-1
233,4,1215,407,49,80,1,-1,-1,-1
234,0,921,489,53,72,1,-1,-1,-1
234,1,455,495,49,76,1,-1,-1,-1
234,2,547,937,60,109,1,-1,-1,-1
234,3,241,503,69,76,1,-1,-1,-1
234,4,1217,407,55,79,1,-1,-1,-1
235,0,928,490,54,72,1,-1,-1,-1
235,1,1217,766,31,98,1,-1,-1,-1
235,2,561,935,59,109,1,-1,-1,-1
235,3,250,505,69,75,1,-1,-1,-1
235,4,1564,770,50,95,1,-1,-1,-1
236,0,934,488,44,71,1,-1,-1,-1
236,1,474,501,53,63,1,-1,-1,-1
236,2,573,931,58,110,1,-1,-1,-1
236,3,260,505,46,72,1,-1,-1,-1
236,4,1221,772,31,83,1,-1,-1,-1
237,0,997,565,55,89,1,-1,-1,-1
237,1,481,506,60,58,1,-1,-1,-1
237,2,586,931,55,107,1,-1,-1,-1
237,3,511,340,51,58,1,-1,-1,-1
237,4,1221,772,43,96,1,-1,-1,-1
238,0,729,677,57,74,1,-1,-1,-1
238,1,485,507,65,62,1,-1,-1,-1
238,2,276,511,42,65,1,-1,-1,-1
238,3,521,341,51,60,1,-1,-1,-1
238,4,1315,280,24,58,1,-1,-1,-1
239,0,952,493,42,66,1,-1,-1,-1
239,1,734,677,65,74,1,-1,-1,-1
239,2,611,927,50,108,1,-1,-1,-1
239,3,277,512,58,72,1,-1,-1,-1
239,4,1223,772,61,100,1,-1,-1,-1
240,0,738,676,68,79,1,-1,-1,-1
240,1,624,926,39,112,1,-1,-1,-1
240,2,281,514,65,73,1,-1,-1,-1
240,3,533,345,45,59,1,-1,-1,-1
240,4,958,493,39,58,1,-1,-1,-1
241,0,964,492,49,72,1,-1,-1,-1
241,1,740,676,70,82,1,-1,-1,-1
241,2,982,948,35,114,1,-1,-1,-1
241,3,287,514,63,76,1,-1,-1,-1
241,4,1022,575,43,84,1,-1,-1,-1
242,0,968,493,53,74,1,-1,-1,-1
242,1,499,513,52,64,1,-1,-1,-1
242,2,291,517,56,74,1,-1,-1,-1
242,3,546,347,35,54,1,-1,-1,-1
242,4,1025,577,47,79,1,-1,-1,-1
243,0,1029,577,57,83,1,-1,-1,-1
243,1,750,678,55,81,1,-1,-1,-1
243,2,293,520,53,68,1,-1,-1,-1
243,3,502,513,58,70,1,-1,-1,-1
243,4,1237,778,30,89,1,-1,-1,-1
244,0,980,494,34,70,1,-1,-1,-1
244,1,505,517,57,75,1,-1,-1,-1
244,2,296,522,49,60,1,-1,-1,-1
244,3,558,348,45,60,1,-1,-1,-1
244,4,1035,578,60,83,1,-1,-1,-1
245,0,755,683,51,69,1,-1,-1,-1
245,1,506,519,55,76,1,-1,-1,-1
245,2,297,522,64,70,1,-1,-1,-1
245,3,564,347,49,62,1,-1,-1,-1
245,4,986,496,43,66,1,-1,-1,-1
246,0,758,683,63,75,1,-1,-1,-1
246,1,510,520,46,74,1,-1,-1,-1
246,2,302,523,65,76,1,-1,-1,-1
246,3,571,343,45,63,1,-1,-1,-1
246,4,1246,787,52,95,1,-1,-1,-1
247,0,763,682,64,77,1,-1,-1,-1
247,1,515,521,44,73,1,-1,-1,-1
247,2,308,527,64,73,1,-1,-1,-1
247,4,1249,787,63,99,1,-1,-1,-1
248,0,770,682,66,78,1,-1,-1,-1
248,1,522,524,40,60,1,-1,-1,-1
248,2,317,530,56,69,1,-1,-1,-1
248,3,589,350,37,54,1,-1,-1,-1
248,4,1284,375,58,125,1,-1,-1,-1
249,0,1291,381,54,124,1,-1,-1,-1
249,1,774,683,42,73,1,-1,-1,-1
249,2,321,532,40,63,1,-1,-1,-1
249,3,528,526,53,65,1,-1,-1,-1
249,4,1301,424,46,78,1,-1,-1,-1
250,0,1302,381,54,123,1,-1,-1,-1
250,1,1261,792,70,95,1,-1,-1,-1
250,2,323,534,44,58,1,-1,-1,-1
250,3,605,352,30,51,1,-1,-1,-1
250,4,1669,820,36,88,1,-1,-1,-1
251,0,1090,585,53,83,1,-1,-1,-1
251,1,781,684,50,80,1,-1,-1,-1
251,2,1272,795,61,88,1,-1,-1,-1
251,3,325,535,63,71,1,-1,-1,-1
251,4,1310,381,56,121,1,-1,-1,-1
252,0,1098,587,58,85,1,-1,-1,-1
252,1,789,690,51,76,1,-1,-1,-1
252,2,331,536,62,74,1,-1,-1,-1
252,3,619,349,47,65,1,-1,-1,-1
252,4,1323,382,50,117,1,-1,-1,-1
253,0,1292,804,30,86,1,-1,-1,-1
253,1,793,685,57,80,1,-1,-1,-1
253,2,336,536,54,78,1,-1,-1,-1
253,4,1107,587,60,80,1,-1,-1,-1
254,0,1119,588,53,80,1,-1,-1,-1
254,1,796,684,64,81,1,-1,-1,-1
254,2,1296,804,38,83,1,-1,-1,-1
254,3,341,540,52,68,1,-1,-1,-1
254,4,1710,832,51,96,1,-1,-1,-1
255,0,799,685,65,77,1,-1,-1,-1
255,1,550,536,49,69,1,-1,-1,-1
255,2,806,920,32,106,1,-1,-1,-1
255,3,345,541,49,66,1,-1,-1,-1
255,4,1296,803,55,94,1,-1,-1,-1
256,0,809,686,55,72,1,-1,-1,-1
256,1,553,536,56,75,1,-1,-1,-1
256,2,816,922,36,105,1,-1,-1,-1
256,3,349,543,48,61,1,-1,-1,-1
256,4,1077,503,48,70,1,-1,-1,-1
257,0,812,690,38,60,1,-1,-1,-1
257,1,554,541,55,71,1,-1,-1,-1
257,2,827,922,40,105,1,-1,-1,-1
257,3,351,545,61,64,1,-1,-1,-1
257,4,1084,501,53,74,1,-1,-1,-1
258,0,815,693,33,57,1,-1,-1,-1
258,1,556,540,55,79,1,-1,-1,-1
258,2,355,545,64,75,1,-1,-1,-1
258,3,674,354,27,58,1,-1,-1,-1
258,4,1090,503,52,73,1,-1,-1,-1
259,0,819,692,44,68,1,-1,-1,-1
259,1,565,543,40,77,1,-1,-1,-1
259,2,360,546,56,66,1,-1,-1,-1
259,3,683,354,34,65,1,-1,-1,-1
259,4,1098,502,49,78,1,-1,-1,-1
260,0,822,691,56,78,1,-1,-1,-1
260,1,571,548,33,70,1,-1,-1,-1
260,2,850,926,64,102,1,-1,-1,-1
260,3,366,549,53,68,1,-1,-1,-1
260,4,1110,505,43,77,1,-1,-1,-1
261,0,824,691,64,78,1,-1,-1,-1
261,1,864,928,65,101,1,-1,-1,-1
261,2,372,550,47,68,1,-1,-1,-1
261,4,1122,512,37,66,1,-1,-1,-1
262,0,1259,972,49,107,1,-1,-1,-1
262,1,876,929,69,100,1,-1,-1,-1
262,2,379,554,40,60,1,-1,-1,-1
262,3,710,357,26,53,1,-1,-1,-1
262,4,1347,820,36,86,1,-1,-1,-1
263,0,717,360,32,59,1,-1,-1,-1
263,1,573,547,60,74,1,-1,-1,-1
263,2,893,929,67,103,1,-1,-1,-1
263,3,384,555,50,69,1,-1,-1,-1
263,4,1141,512,41,71,1,-1,-1,-1
264,0,845,695,31,74,1,-1,-1,-1
264,1,573,549,49,81,1,-1,-1,-1
264,2,910,934,63,99,1,-1,-1,-1
264,3,387,555,58,78,1,-1,-1,-1
264,4,1148,513,48,70,1,-1,-1,-1
265,0,733,359,27,58,1,-1,-1,-1
265,1,576,551,44,80,1,-1,-1,-1
265,2,921,934,59,101,1,-1,-1,-1
265,3,384,557,63,81,1,-1,-1,-1
265,4,1158,513,50,70,1,-1,-1,-1
266,0,849,699,38,70,1,-1,-1,-1
266,1,582,554,29,74,1,-1,-1,-1
266,2,386,556,60,86,1,-1,-1,-1
266,3,738,356,38,65,1,-1,-1,-1
266,4,1165,512,55,71,1,-1,-1,-1
267,0,1223,600,49,84,1,-1,-1,-1
267,1,850,699,52,82,1,-1,-1,-1
267,2,385,561,43,81,1,-1,-1,-1
267,3,743,354,44,69,1,-1,-1,-1
267,4,1167,510,61,75,1,-1,-1,-1
268,0,1228,598,56,86,1,-1,-1,-1
268,1,845,699,62,83,1,-1,-1,-1
268,2,383,562,46,78,1,-1,-1,-1
268,3,582,557,41,71,1,-1,-1,-1
268,4,1176,512,56,72,1,-1,-1,-1
269,0,1234,598,62,90,1,-1,-1,-1
269,1,845,699,64,81,1,-1,-1,-1
269,2,384,566,49,74,1,-1,-1,-1
269,3,579,556,52,80,1,-1,-1,-1
269,4,1192,513,33,64,1,-1,-1,-1
270,0,762,355,32,59,1,-1,-1,-1
270,1,855,702,37,73,1,-1,-1,-1
270,2,383,564,59,84,1,-1,-1,-1
270,3,570,559,59,79,1,-1,-1,-1
270,4,1202,515,29,58,1,-1,-1,-1
271,0,769,355,23,62,1,-1,-1,-1
271,1,856,703,31,80,1,-1,-1,-1
271,2,381,566,65,81,1,-1,-1,-1
271,3,564,563,63,80,1,-1,-1,-1
271,4,1208,513,30,69,1,-1,-1,-1
272,0,766,355,32,55,1,-1,-1,-1
272,1,859,704,25,80,1,-1,-1,-1
272,2,375,567,65,87,1,-1,-1,-1
272,3,567,566,55,79,1,-1,-1,-1
272,4,1214,512,32,66,1,-1,-1,-1
273,0,771,353,29,57,1,-1,-1,-1
273,1,854,705,32,76,1,-1,-1,-1
273,2,372,569,60,93,1,-1,-1,-1
273,3,572,570,35,75,1,-1,-1,-1
273,4,1219,511,44,77,1,-1,-1,-1
274,0,775,351,39,70,1,-1,-1,-1
274,1,847,708,48,79,1,-1,-1,-1
274,2,371,571,48,90,1,-1,-1,-1
274,3,571,572,26,66,1,-1,-1,-1
274,4,1222,508,48,82,1,-1,-1,-1
275,0,772,350,46,71,1,-1,-1,-1
275,1,840,706,58,86,1,-1,-1,-1
275,2,367,573,39,87,1,-1,-1,-1
275,3,558,574,41,69,1,-1,-1,-1
275,4,1222,508,53,80,1,-1,-1,-1
276,0,770,350,46,68,1,-1,-1,-1
276,1,830,707,68,87,1,-1,-1,-1
276,2,354,582,54,81,1,-1,-1,-1
276,3,545,575,59,72,1,-1,-1,-1
276,4,1224,507,38,83,1,-1,-1,-1
277,0,1261,602,55,89,1,-1,-1,-1
277,1,537,574,62,82,1,-1,-1,-1
277,2,829,709,53,88,1,-1,-1,-1
277,3,770,349,45,71,1,-1,-1,-1
277,4,1229,507,29,82,1,-1,-1,-1
278,0,1259,600,62,92,1,-1,-1,-1
278,1,533,578,47,84,1,-1,-1,-1
278,2,1040,960,56,107,1,-1,-1,-1
278,3,770,351,32,68,1,-1,-1,-1
278,4,1232,509,29,82,1,-1,-1,-1
279,0,769,351,27,69,1,-1,-1,-1
279,1,531,580,45,82,1,-1,-1,-1
279,2,828,718,23,83,1,-1,-1,-1
279,3,991,48,22,53,1,-1,-1,-1
279,4,1233,512,30,78,1,-1,-1,-1
280,0,768,349,25,66,1,-1,-1,-1
280,1,818,718,33,78,1,-1,-1,-1
280,2,314,584,47,91,1,-1,-1,-1
280,3,525,585,36,78,1,-1,-1,-1
280,4,1231,510,36,83,1,-1,-1,-1
281,0,766,346,36,70,1,-1,-1,-1
281,1,511,586,51,80,1,-1,-1,-1
281,2,301,586,41,88,1,-1,-1,-1
281,3,810,718,49,85,1,-1,-1,-1
281,4,1231,510,42,79,1,-1,-1,-1
282,0,765,342,44,77,1,-1,-1,-1
282,1,502,586,60,89,1,-1,-1,-1
282,2,296,587,47,88,1,-1,-1,-1
282,3,800,718,63,88,1,-1,-1,-1
282,4,1232,507,51,82,1,-1,-1,-1
283,0,765,341,54,78,1,-1,-1,-1
283,1,497,590,67,89,1,-1,-1,-1
283,2,290,584,58,87,1,-1,-1,-1
283,3,793,718,73,89,1,-1,-1,-1
283,4,1235,508,56,83,1,-1,-1,-1
284,0,764,343,59,73,1,-1,-1,-1
284,1,498,594,50,88,1,-1,-1,-1
284,2,285,583,67,88,1,-1,-1,-1
284,3,796,721,67,86,1,-1,-1,-1
284,4,1239,509,53,83,1,-1,-1,-1
285,0,1275,602,59,94,1,-1,-1,-1
285,1,501,598,49,86,1,-1,-1,-1
285,2,281,584,72,87,1,-1,-1,-1
285,3,805,721,35,86,1,-1,-1,-1
285,4,1248,510,30,72,1,-1,-1,-1
286,0,1278,601,65,96,1,-1,-1,-1
286,1,505,601,40,83,1,-1,-1,-1
286,2,279,586,74,85,1,-1,-1,-1
286,3,806,726,28,83,1,-1,-1,-1
286,4,1255,513,31,63,1,-1,-1,-1
287,0,789,345,34,65,1,-1,-1,-1
287,1,501,603,59,80,1,-1,-1,-1
287,2,283,587,58,83,1,-1,-1,-1
287,3,808,724,32,68,1,-1,-1,-1
287,4,1262,516,33,71,1,-1,-1,-1
288,0,1289,604,61,93,1,-1,-1,-1
288,1,499,603,69,85,1,-1,-1,-1
288,2,291,588,38,72,1,-1,-1,-1
288,3,794,344,32,68,1,-1,-1,-1
288,4,1267,513,41,76,1,-1,-1,-1
289,0,801,342,40,75,1,-1,-1,-1
289,1,497,606,64,85,1,-1,-1,-1
289,2,297,589,28,74,1,-1,-1,-1
289,3,803,714,61,98,1,-1,-1,-1
289,4,1272,512,50,82,1,-1,-1,-1
290,0,806,342,46,78,1,-1,-1,-1
290,1,498,606,51,90,1,-1,-1,-1
290,2,291,591,50,79,1,-1,-1,-1
290,3,800,708,69,103,1,-1,-1,-1
290,4,1276,512,53,83,1,-1,-1,-1
291,0,1314,608,29,80,1,-1,-1,-1
291,1,497,609,36,88,1,-1,-1,-1
291,2,288,588,60,86,1,-1,-1,-1
291,3,811,342,50,77,1,-1,-1,-1
291,4,1275,511,58,84,1,-1,-1,-1
292,0,814,345,54,71,1,-1,-1,-1
292,1,495,613,44,85,1,-1,-1,-1
292,2,284,589,69,89,1,-1,-1,-1
292,3,801,710,72,108,1,-1,-1,-1
292,4,1282,512,46,83,1,-1,-1,-1
293,0,826,348,34,70,1,-1,-1,-1
293,1,491,614,54,83,1,-1,-1,-1
293,2,287,591,63,86,1,-1,-1,-1
293,3,812,726,24,96,1,-1,-1,-1
293,4,1293,516,38,79,1,-1,-1,-1
294,0,1321,607,58,94,1,-1,-1,-1
294,1,485,614,68,90,1,-1,-1,-1
294,2,292,595,43,83,1,-1,-1,-1
294,3,834,351,28,68,1,-1,-1,-1
294,4,1299,518,32,82,1,-1,-1,-1
295,0,838,353,31,70,1,-1,-1,-1
295,1,475,617,80,89,1,-1,-1,-1
295,2,296,596,37,83,1,-1,-1,-1
295,3,1108,43,22,54,1,-1,-1,-1
295,4,1303,521,34,82,1,-1,-1,-1
296,0,845,354,35,73,1,-1,-1,-1
296,1,472,621,65,92,1,-1,-1,-1
296,2,294,602,46,79,1,-1,-1,-1
296,3,802,722,58,108,1,-1,-1,-1
296,4,1308,525,38,76,1,-1,-1,-1
297,0,845,355,43,74,1,-1,-1,-1
297,1,477,625,55,91,1,-1,-1,-1
297,2,290,606,53,87,1,-1,-1,-1
297,3,798,728,66,103,1,-1,-1,-1
297,4,1311,525,48,80,1,-1,-1,-1
298,0,846,357,47,72,1,-1,-1,-1
298,1,476,626,36,94,1,-1,-1,-1
298,2,285,608,57,91,1,-1,-1,-1
298,3,792,730,73,104,1,-1,-1,-1
298,4,1310,525,53,84,1,-1,-1,-1
299,0,845,358,54,75,1,-1,-1,-1
299,1,464,628,47,91,1,-1,-1,-1
299,2,283,612,56,92,1,-1,-1,-1
299,3,792,740,69,98,1,-1,-1,-1
299,4,1306,530,63,82,1,-1,-1,-1
300,0,1346,624,44,94,1,-1,-1,-1
300,1,459,632,48,79,1,-1,-1,-1
300,2,288,618,38,88,1,-1,-1,-1
300,3,851,360,39,71,1,-1,-1,-1
300,4,1309,530,45,84,1,-1,-1,-1
301,0,861,363,23,60,1,-1,-1,-1
301,1,801,746,26,91,1,-1,-1,-1
301,2,288,621,36,87,1,-1,-1,-1
301,3,451,633,57,81,1,-1,-1,-1
301,4,1319,534,31,76,1,-1,-1,-1
302,0,1349,625,59,95,1,-1,-1,-1
302,1,441,633,60,87,1,-1,-1,-1
302,2,285,623,49,81,1,-1,-1,-1
302,3,867,365,33,69,1,-1,-1,-1
302,4,1326,537,29,79,1,-1,-1,-1
303,0,1351,626,62,97,1,-1,-1,-1
303,1,793,753,51,87,1,-1,-1,-1
303,2,282,623,60,82,1,-1,-1,-1
303,3,437,638,53,86,1,-1,-1,-1
303,4,1331,539,30,76,1,-1,-1,-1
304,0,876,367,28,69,1,-1,-1,-1
304,1,792,752,59,96,1,-1,-1,-1
304,2,282,624,66,84,1,-1,-1,-1
304,3,447,639,37,84,1,-1,-1,-1
304,4,1335,543,44,81,1,-1,-1,-1
305,0,884,368,42,74,1,-1,-1,-1
305,1,787,745,69,103,1,-1,-1,-1
305,2,288,627,59,81,1,-1,-1,-1
305,3,447,642,36,87,1,-1,-1,-1
305,4,1338,541,52,87,1,-1,-1,-1
306,0,889,371,46,72,1,-1,-1,-1
306,1,786,751,72,101,1,-1,-1,-1
306,2,295,626,44,78,1,-1,-1,-1
306,3,435,646,48,84,1,-1,-1,-1
306,4,1343,542,51,85,1,-1,-1,-1
307,0,891,372,51,72,1,-1,-1,-1
307,1,429,648,54,84,1,-1,-1,-1
307,2,298,631,43,80,1,-1,-1,-1
307,3,28,355,36,70,1,-1,-1,-1
307,4,1345,543,48,83,1,-1,-1,-1
308,0,894,374,53,70,1,-1,-1,-1
308,1,424,648,57,93,1,-1,-1,-1
308,2,299,632,54,76,1,-1,-1,-1
308,3,37,354,39,68,1,-1,-1,-1
308,4,1347,545,43,82,1,-1,-1,-1
309,0,906,376,44,66,1,-1,-1,-1
309,1,434,652,46,88,1,-1,-1,-1
309,2,304,629,56,78,1,-1,-1,-1
309,3,44,354,45,70,1,-1,-1,-1
309,4,1358,547,34,78,1,-1,-1,-1
310,0,913,376,42,71,1,-1,-1,-1
310,1,443,657,37,82,1,-1,-1,-1
310,2,295,632,70,81,1,-1,-1,-1
310,3,50,352,53,75,1,-1,-1,-1
310,4,1366,549,29,80,1,-1,-1,-1
311,0,796,761,54,103,1,-1,-1,-1
311,1,433,657,51,82,1,-1,-1,-1
311,2,293,634,78,83,1,-1,-1,-1
311,3,57,354,59,75,1,-1,-1,-1
311,4,1373,555,32,81,1,-1,-1,-1
312,0,794,768,64,100,1,-1,-1,-1
312,1,429,661,58,81,1,-1,-1,-1
312,2,295,639,78,83,1,-1,-1,-1
312,3,68,355,62,74,1,-1,-1,-1
312,4,932,380,25,67,1,-1,-1,-1
313,0,789,771,71,99,1,-1,-1,-1
313,1,430,665,55,80,1,-1,-1,-1
313,2,309,641,62,81,1,-1,-1,-1
313,3,79,361,59,69,1,-1,-1,-1
313,4,940,378,35,76,1,-1,-1,-1
314,0,793,773,68,100,1,-1,-1,-1
314,1,435,669,50,83,1,-1,-1,-1
314,2,318,642,45,83,1,-1,-1,-1
314,3,92,357,57,74,1,-1,-1,-1
314,4,943,380,40,74,1,-1,-1,-1
315,0,797,777,56,96,1,-1,-1,-1
315,1,425,672,62,83,1,-1,-1,-1
315,2,321,642,39,83,1,-1,-1,-1
315,3,103,357,48,71,1,-1,-1,-1
315,4,947,382,46,74,1,-1,-1,-1
316,0,799,781,30,94,1,-1,-1,-1
316,1,424,674,61,86,1,-1,-1,-1
316,2,321,644,40,85,1,-1,-1,-1
316,3,113,358,39,70,1,-1,-1,-1
316,4,947,383,51,72,1,-1,-1,-1
317,0,799,780,28,86,1,-1,-1,-1
317,1,424,681,61,82,1,-1,-1,-1
317,2,317,642,47,87,1,-1,-1,-1
317,3,123,355,31,70,1,-1,-1,-1
317,4,957,383,29,67,1,-1,-1,-1
318,0,795,780,39,93,1,-1,-1,-1
318,1,434,681,52,83,1,-1,-1,-1
318,2,314,638,55,93,1,-1,-1,-1
318,3,130,350,28,75,1,-1,-1,-1
318,4,962,383,29,67,1,-1,-1,-1
319,0,789,779,51,99,1,-1,-1,-1
319,1,424,683,62,80,1,-1,-1,-1
319,2,302,634,73,92,1,-1,-1,-1
319,3,135,345,32,80,1,-1,-1,-1
319,4,967,383,29,64,1,-1,-1,-1
320,0,782,779,60,99,1,-1,-1,-1
320,1,425,685,61,80,1,-1,-1,-1
320,2,303,632,69,86,1,-1,-1,-1
320,3,141,342,30,83,1,-1,-1,-1
320,4,970,382,29,66,1,-1,-1,-1
321,0,780,781,62,99,1,-1,-1,-1
321,1,433,691,51,76,1,-1,-1,-1
321,2,308,631,65,86,1,-1,-1,-1
321,3,145,341,36,83,1,-1,-1,-1
321,4,973,379,43,82,1,-1,-1,-1
322,0,782,784,47,92,1,-1,-1,-1
322,1,439,690,50,81,1,-1,-1,-1
322,2,320,634,56,87,1,-1,-1,-1
322,3,147,340,43,84,1,-1,-1,-1
322,4,978,379,43,80,1,-1,-1,-1
323,0,789,785,31,92,1,-1,-1,-1
323,1,436,693,58,81,1,-1,-1,-1
323,2,330,645,44,81,1,-1,-1,-1
323,3,151,342,48,82,1,-1,-1,-1
323,4,981,380,47,78,1,-1,-1,-1
324,0,785,786,29,92,1,-1,-1,-1
324,1,436,696,59,82,1,-1,-1,-1
324,2,332,646,46,90,1,-1,-1,-1
324,3,157,342,50,81,1,-1,-1,-1
324,4,985,382,50,75,1,-1,-1,-1
325,0,778,788,46,101,1,-1,-1,-1
325,1,440,697,62,85,1,-1,-1,-1
325,2,332,647,45,96,1,-1,-1,-1
325,3,160,345,53,78,1,-1,-1,-1
325,4,993,384,42,71,1,-1,-1,-1
326,0,767,789,57,104,1,-1,-1,-1
326,1,445,699,61,88,1,-1,-1,-1
326,2,332,648,49,94,1,-1,-1,-1
326,3,165,350,52,74,1,-1,-1,-1
326,4,998,383,30,72,1,-1,-1,-1
327,0,763,789,56,103,1,-1,-1,-1
327,1,454,704,59,82,1,-1,-1,-1
327,2,327,652,61,99,1,-1,-1,-1
327,3,170,347,51,75,1,-1,-1,-1
327,4,1000,383,30,74,1,-1,-1,-1
328,0,759,790,49,100,1,-1,-1,-1
328,1,458,709,57,79,1,-1,-1,-1
328,2,324,655,66,103,1,-1,-1,-1
328,3,178,345,46,76,1,-1,-1,-1
328,4,1001,384,28,74,1,-1,-1,-1
329,0,760,797,32,96,1,-1,-1,-1
329,1,458,710,61,78,1,-1,-1,-1
329,2,320,662,67,101,1,-1,-1,-1
329,3,179,346,45,74,1,-1,-1,-1
329,4,999,380,31,74,1,-1,-1,-1
330,0,748,795,35,94,1,-1,-1,-1
330,1,458,714,55,73,1,-1,-1,-1
330,2,314,671,64,93,1,-1,-1,-1
330,3,182,342,45,79,1,-1,-1,-1
330,4,996,378,38,77,1,-1,-1,-1
331,0,734,794,51,98,1,-1,-1,-1
331,1,458,716,54,74,1,-1,-1,-1
331,2,304,675,68,91,1,-1,-1,-1
331,3,185,340,42,80,1,-1,-1,-1
331,4,989,376,47,79,1,-1,-1,-1
332,0,720,795,61,99,1,-1,-1,-1
332,1,458,716,56,86,1,-1,-1,-1
332,2,299,678,55,87,1,-1,-1,-1
332,3,185,338,46,81,1,-1,-1,-1
332,4,986,376,51,79,1,-1,-1,-1
333,0,710,795,60,101,1,-1,-1,-1
333,1,460,716,59,96,1,-1,-1,-1
333,2,288,679,56,86,1,-1,-1,-1
333,3,188,337,44,81,1,-1,-1,-1
333,4,988,377,45,76,1,-1,-1,-1
334,0,718,795,34,99,1,-1,-1,-1
334,1,469,718,56,98,1,-1,-1,-1
334,2,282,680,62,86,1,-1,-1,-1
334,3,190,335,43,82,1,-1,-1,-1
334,4,983,377,40,73,1,-1,-1,-1
335,0,708,796,37,96,1,-1,-1,-1
335,1,467,720,60,102,1,-1,-1,-1
335,2,278,679,68,92,1,-1,-1,-1
335,3,192,334,39,82,1,-1,-1,-1
335,4,982,376,37,74,1,-1,-1,-1
336,0,695,792,43,105,1,-1,-1,-1
336,1,470,731,59,89,1,-1,-1,-1
336,2,278,680,69,94,1,-1,-1,-1
336,3,194,332,36,82,1,-1,-1,-1
336,4,979,374,37,76,1,-1,-1,-1
337,0,680,794,51,100,1,-1,-1,-1
337,1,475,736,58,84,1,-1,-1,-1
337,2,269,682,76,94,1,-1,-1,-1
337,3,196,330,35,83,1,-1,-1,-1
337,4,977,372,38,75,1,-1,-1,-1
338,0,672,790,52,99,1,-1,-1,-1
338,1,480,739,63,89,1,-1,-1,-1
338,2,265,683,67,96,1,-1,-1,-1
338,3,196,329,36,84,1,-1,-1,-1
338,4,975,371,41,81,1,-1,-1,-1
339,0,668,790,44,97,1,-1,-1,-1
339,1,479,743,74,96,1,-1,-1,-1
339,2,258,681,55,96,1,-1,-1,-1
339,3,196,329,38,81,1,-1,-1,-1
339,4,972,370,43,84,1,-1,-1,-1
340,0,662,790,40,101,1,-1,-1,-1
340,1,485,748,70,92,1,-1,-1,-1
340,2,253,680,55,99,1,-1,-1,-1
340,3,197,328,38,82,1,-1,-1,-1
340,4,968,370,44,81,1,-1,-1,-1
341,0,650,792,48,94,1,-1,-1,-1
341,1,495,746,68,101,1,-1,-1,-1
341,2,247,685,55,97,1,-1,-1,-1
341,3,199,327,38,84,1,-1,-1,-1
341,4,967,370,41,81,1,-1,-1,-1
342,0,636,792,52,91,1,-1,-1,-1
342,1,498,748,68,102,1,-1,-1,-1
342,2,240,686,55,105,1,-1,-1,-1
342,3,203,327,38,81,1,-1,-1,-1
342,4,965,372,39,79,1,-1,-1,-1
343,0,621,791,63,99,1,-1,-1,-1
343,1,502,746,69,106,1,-1,-1,-1
343,2,226,688,60,106,1,-1,-1,-1
343,3,208,327,36,82,1,-1,-1,-1
343,4,965,373,26,75,1,-1,-1,-1
344,0,612,792,59,94,1,-1,-1,-1
344,1,509,750,67,102,1,-1,-1,-1
344,2,213,690,68,102,1,-1,-1,-1
344,3,212,327,34,80,1,-1,-1,-1
344,4,960,373,27,78,1,-1,-1,-1
345,0,612,789,47,93,1,-1,-1,-1
345,1,520,755,62,102,1,-1,-1,-1
345,2,203,691,74,102,1,-1,-1,-1
345,3,214,327,37,80,1,-1,-1,-1
345,4,954,374,31,75,1,-1,-1,-1
346,0,608,789,39,89,1,-1,-1,-1
346,1,526,747,65,114,1,-1,-1,-1
346,2,200,692,76,103,1,-1,-1,-1
346,3,218,326,36,80,1,-1,-1,-1
346,4,947,371,41,80,1,-1,-1,-1
347,0,940,366,49,84,1,-1,-1,-1
347,1,530,742,69,123,1,-1,-1,-1
347,2,198,691,78,104,1,-1,-1,-1
347,3,220,325,36,82,1,-1,-1,-1
347,4,1393,574,32,75,1,-1,-1,-1
348,0,933,366,51,82,1,-1,-1,-1
348,1,537,744,77,128,1,-1,-1,-1
348,2,199,692,75,104,1,-1,-1,-1
348,3,222,325,35,82,1,-1,-1,-1
348,4,1391,572,33,68,1,-1,-1,-1
349,0,928,368,51,82,1,-1,-1,-1
349,1,545,764,80,112,1,-1,-1,-1
349,2,196,688,69,108,1,-1,-1,-1
349,3,223,323,35,84,1,-1,-1,-1
349,4,1374,570,48,95,1,-1,-1,-1
350,0,928,371,43,75,1,-1,-1,-1
350,1,549,761,73,116,1,-1,-1,-1
350,2,192,686,55,109,1,-1,-1,-1
350,3,224,323,35,83,1,-1,-1,-1
350,4,1368,571,52,93,1,-1,-1,-1
351,0,927,372,34,76,1,-1,-1,-1
351,1,555,778,69,97,1,-1,-1,-1
351,2,187,680,49,114,1,-1,-1,-1
351,3,226,324,35,82,1,-1,-1,-1
351,4,1117,820,87,94,1,-1,-1,-1
352,0,925,372,28,73,1,-1,-1,-1
352,1,558,774,67,103,1,-1,-1,-1
352,2,180,680,45,114,1,-1,-1,-1
352,3,227,324,35,82,1,-1,-1,-1
352,4,1361,570,54,92,1,-1,-1,-1
353,0,916,364,35,84,1,-1,-1,-1
353,1,556,768,76,111,1,-1,-1,-1
353,2,174,677,47,112,1,-1,-1,-1
353,3,228,324,35,82,1,-1,-1,-1
353,4,1369,571,42,87,1,-1,-1,-1
354,0,913,365,37,80,1,-1,-1,-1
354,1,543,784,49,96,1,-1,-1,-1
354,2,169,677,47,112,1,-1,-1,-1
354,3,229,324,36,82,1,-1,-1,-1
354,4,1367,573,44,85,1,-1,-1,-1
355,0,904,365,44,82,1,-1,-1,-1
355,1,535,785,52,99,1,-1,-1,-1
355,2,161,675,48,112,1,-1,-1,-1
355,3,230,324,36,82,1,-1,-1,-1
355,4,1091,817,44,101,1,-1,-1,-1
356,0,899,365,49,83,1,-1,-1,-1
356,1,524,790,55,98,1,-1,-1,-1
356,2,149,678,53,108,1,-1,-1,-1
356,3,231,325,39,80,1,-1,-1,-1
356,4,1081,813,35,103,1,-1,-1,-1
357,0,896,364,49,84,1,-1,-1,-1
357,1,514,790,60,98,1,-1,-1,-1
357,2,138,680,56,106,1,-1,-1,-1
357,3,234,326,40,81,1,-1,-1,-1
357,4,1068,812,45,102,1,-1,-1,-1
358,0,902,366,35,76,1,-1,-1,-1
358,1,506,791,67,98,1,-1,-1,-1
358,2,130,681,64,105,1,-1,-1,-1
358,3,235,326,43,81,1,-1,-1,-1
358,4,1050,812,62,104,1,-1,-1,-1
359,0,899,369,34,76,1,-1,-1,-1
359,1,502,790,73,101,1,-1,-1,-1
359,2,127,684,69,102,1,-1,-1,-1
359,3,239,326,45,81,1,-1,-1,-1
359,4,1032,811,79,104,1,-1,-1,-1
360,0,896,369,34,78,1,-1,-1,-1
360,1,503,789,74,104,1,-1,-1,-1
360,2,128,687,69,97,1,-1,-1,-1
360,3,242,326,49,81,1,-1,-1,-1
360,4,1017,813,88,105,1,-1,-1,-1
361,0,895,366,36,78,1,-1,-1,-1
361,1,507,791,71,102,1,-1,-1,-1
361,2,135,688,64,97,1,-1,-1,-1
361,3,248,327,50,80,1,-1,-1,-1
361,4,1316,616,63,102,1,-1,-1,-1
362,0,889,364,45,81,1,-1,-1,-1
362,1,510,790,63,105,1,-1,-1,-1
362,2,141,685,58,100,1,-1,-1,-1
362,3,252,327,51,80,1,-1,-1,-1
362,4,1313,616,64,102,1,-1,-1,-1
363,0,887,363,52,82,1,-1,-1,-1
363,1,511,787,54,107,1,-1,-1,-1
363,2,147,681,51,105,1,-1,-1,-1
363,3,257,327,50,80,1,-1,-1,-1
363,4,1315,618,60,101,1,-1,-1,-1
364,0,886,363,54,81,1,-1,-1,-1
364,1,512,783,45,111,1,-1,-1,-1
364,2,154,676,42,109,1,-1,-1,-1
364,3,261,327,50,79,1,-1,-1,-1
364,4,1020,814,33,101,1,-1,-1,-1
365,0,890,361,52,82,1,-1,-1,-1
365,1,641,775,39,113,1,-1,-1,-1
365,2,511,780,40,110,1,-1,-1,-1
365,3,267,326,48,80,1,-1,-1,-1
365,4,1322,619,31,93,1,-1,-1,-1
366,0,894,360,46,82,1,-1,-1,-1
366,1,512,778,36,111,1,-1,-1,-1
366,2,155,667,48,114,1,-1,-1,-1
366,3,272,324,49,82,1,-1,-1,-1
366,4,1321,618,29,95,1,-1,-1,-1
367,0,901,356,33,84,1,-1,-1,-1
367,1,510,777,38,111,1,-1,-1,-1
367,2,152,670,55,103,1,-1,-1,-1
367,3,278,324,46,82,1,-1,-1,-1
367,4,1320,616,31,101,1,-1,-1,-1
368,0,902,354,32,86,1,-1,-1,-1
368,1,507,779,37,107,1,-1,-1,-1
368,2,155,668,56,103,1,-1,-1,-1
368,3,284,324,40,82,1,-1,-1,-1
368,4,1310,613,46,104,1,-1,-1,-1
369,0,907,353,27,82,1,-1,-1,-1
369,1,502,776,43,114,1,-1,-1,-1
369,2,158,665,58,101,1,-1,-1,-1
369,3,289,322,40,84,1,-1,-1,-1
369,4,1306,610,52,107,1,-1,-1,-1
370,0,906,351,26,83,1,-1,-1,-1
370,1,488,779,55,118,1,-1,-1,-1
370,2,163,659,58,107,1,-1,-1,-1
370,3,292,324,37,84,1,-1,-1,-1
370,4,1294,608,65,107,1,-1,-1,-1
371,0,903,352,30,80,1,-1,-1,-1
371,1,484,783,56,117,1,-1,-1,-1
371,2,170,655,59,110,1,-1,-1,-1
371,3,297,323,35,82,1,-1,-1,-1
371,4,1290,609,67,104,1,-1,-1,-1
372,0,902,351,27,82,1,-1,-1,-1
372,1,475,788,62,113,1,-1,-1,-1
372,2,175,652,58,109,1,-1,-1,-1
372,3,300,324,32,81,1,-1,-1,-1
372,4,1287,610,68,106,1,-1,-1,-1
373,0,896,351,31,78,1,-1,-1,-1
373,1,469,790,62,112,1,-1,-1,-1
373,2,181,654,52,105,1,-1,-1,-1
373,3,300,325,33,81,1,-1,-1,-1
373,4,1287,612,60,102,1,-1,-1,-1
374,0,892,351,33,79,1,-1,-1,-1
374,1,459,792,67,111,1,-1,-1,-1
374,2,182,652,53,101,1,-1,-1,-1
374,3,303,327,33,80,1,-1,-1,-1
374,4,1291,613,48,101,1,-1,-1,-1
375,0,886,351,35,76,1,-1,-1,-1
375,1,452,790,71,111,1,-1,-1,-1
375,2,183,652,55,97,1,-1,-1,-1
375,3,304,326,35,81,1,-1,-1,-1
375,4,1288,613,41,97,1,-1,-1,-1
376,0,886,349,34,79,1,-1,-1,-1
376,1,451,791,75,111,1,-1,-1,-1
376,2,187,650,53,98,1,-1,-1,-1
376,3,305,326,34,81,1,-1,-1,-1
376,4,1289,608,36,101,1,-1,-1,-1
377,0,885,346,33,77,1,-1,-1,-1
377,1,454,792,67,108,1,-1,-1,-1
377,2,189,649,54,96,1,-1,-1,-1
377,3,310,326,32,79,1,-1,-1,-1
377,4,1288,606,36,104,1,-1,-1,-1
378,0,881,345,35,79,1,-1,-1,-1
378,1,455,792,61,108,1,-1,-1,-1
378,2,192,647,55,99,1,-1,-1,-1
378,3,312,325,32,81,1,-1,-1,-1
378,4,1282,601,38,106,1,-1,-1,-1
379,0,881,345,35,76,1,-1,-1,-1
379,1,455,785,50,116,1,-1,-1,-1
379,2,200,640,51,106,1,-1,-1,-1
379,3,313,324,32,82,1,-1,-1,-1
379,4,1275,600,43,105,1,-1,-1,-1
380,0,882,345,32,75,1,-1,-1,-1
380,1,454,782,40,117,1,-1,-1,-1
380,2,204,636,50,107,1,-1,-1,-1
380,3,317,322,32,82,1,-1,-1,-1
380,4,1267,599,47,104,1,-1,-1,-1
381,0,884,342,28,78,1,-1,-1,-1
381,1,453,780,35,110,1,-1,-1,-1
381,2,209,629,47,109,1,-1,-1,-1
381,3,319,322,34,84,1,-1,-1,-1
381,4,1266,598,44,102,1,-1,-1,-1
382,0,885,338,25,80,1,-1,-1,-1
382,1,451,779,37,112,1,-1,-1,-1
382,2,212,628,50,106,1,-1,-1,-1
382,3,322,322,35,83,1,-1,-1,-1
382,4,1266,597,44,102,1,-1,-1,-1
383,0,885,338,24,82,1,-1,-1,-1
383,1,447,782,36,106,1,-1,-1,-1
383,2,216,627,48,99,1,-1,-1,-1
383,3,326,317,34,88,1,-1,-1,-1
383,4,1266,602,41,95,1,-1,-1,-1
384,0,884,337,24,81,1,-1,-1,-1
384,1,440,776,41,113,1,-1,-1,-1
384,2,227,626,37,98,1,-1,-1,-1
384,3,327,319,31,84,1,-1,-1,-1
384,4,1265,598,40,101,1,-1,-1,-1
385,0,881,337,27,80,1,-1,-1,-1
385,1,430,778,49,112,1,-1,-1,-1
385,2,228,624,44,99,1,-1,-1,-1
385,3,329,317,33,88,1,-1,-1,-1
385,4,1263,596,39,103,1,-1,-1,-1
386,0,880,335,27,84,1,-1,-1,-1
386,1,421,784,55,110,1,-1,-1,-1
386,2,236,626,33,94,1,-1,-1,-1
386,3,332,317,33,86,1,-1,-1,-1
386,4,1260,592,40,105,1,-1,-1,-1
387,0,878,334,26,81,1,-1,-1,-1
387,1,690,724,35,105,1,-1,-1,-1
387,2,418,787,56,108,1,-1,-1,-1
387,3,335,317,32,84,1,-1,-1,-1
387,4,1258,589,40,107,1,-1,-1,-1
388,0,879,330,23,84,1,-1,-1,-1
388,1,411,788,59,110,1,-1,-1,-1
388,2,236,615,48,107,1,-1,-1,-1
388,3,334,321,33,83,1,-1,-1,-1
388,4,1255,590,39,106,1,-1,-1,-1
389,0,875,329,27,84,1,-1,-1,-1
389,1,406,789,62,109,1,-1,-1,-1
389,2,236,613,50,108,1,-1,-1,-1
389,3,334,322,36,81,1,-1,-1,-1
389,4,1255,588,36,104,1,-1,-1,-1
390,0,877,328,24,81,1,-1,-1,-1
390,1,402,789,60,110,1,-1,-1,-1
390,2,242,613,46,103,1,-1,-1,-1
390,3,334,324,42,79,1,-1,-1,-1
390,4,1254,588,35,100,1,-1,-1,-1
391,0,873,329,27,79,1,-1,-1,-1
391,1,395,792,61,107,1,-1,-1,-1
391,2,243,609,51,102,1,-1,-1,-1
391,3,333,325,51,77,1,-1,-1,-1
391,4,1253,587,37,97,1,-1,-1,-1
392,0,873,329,26,77,1,-1,-1,-1
392,1,394,790,61,107,1,-1,-1,-1
392,2,245,610,53,97,1,-1,-1,-1
392,3,333,325,49,77,1,-1,-1,-1
392,4,1251,586,38,100,1,-1,-1,-1
393,0,872,328,25,76,1,-1,-1,-1
393,1,393,791,57,104,1,-1,-1,-1
393,2,249,609,53,95,1,-1,-1,-1
393,3,335,325,52,79,1,-1,-1,-1
393,4,1251,586,37,98,1,-1,-1,-1
394,0,870,328,27,77,1,-1,-1,-1
394,1,393,791,53,102,1,-1,-1,-1
394,2,250,610,55,92,1,-1,-1,-1
394,3,336,326,55,80,1,-1,-1,-1
394,4,1251,584,38,98,1,-1,-1,-1
395,0,869,327,26,78,1,-1,-1,-1
395,1,392,790,52,104,1,-1,-1,-1
395,2,256,610,53,91,1,-1,-1,-1
395,3,337,326,55,79,1,-1,-1,-1
395,4,1246,580,42,100,1,-1,-1,-1
396,0,868,325,26,80,1,-1,-1,-1
396,1,391,790,43,103,1,-1,-1,-1
396,2,266,603,51,98,1,-1,-1,-1
396,3,341,325,53,79,1,-1,-1,-1
396,4,1248,578,37,102,1,-1,-1,-1
397,0,865,323,28,82,1,-1,-1,-1
397,1,391,789,41,103,1,-1,-1,-1
397,2,266,597,55,104,1,-1,-1,-1
397,3,344,326,51,76,1,-1,-1,-1
397,4,1245,576,39,99,1,-1,-1,-1
398,0,863,325,28,73,1,-1,-1,-1
398,1,387,786,42,107,1,-1,-1,-1
398,2,269,593,54,103,1,-1,-1,-1
398,3,347,325,37,79,1,-1,-1,-1
398,4,1240,575,42,97,1,-1,-1,-1
399,0,862,324,26,75,1,-1,-1,-1
399,1,385,785,39,106,1,-1,-1,-1
399,2,272,590,55,100,1,-1,-1,-1
399,3,350,324,27,79,1,-1,-1,-1
399,4,1236,575,42,97,1,-1,-1,-1
400,0,860,325,25,71,1,-1,-1,-1
400,1,384,785,40,107,1,-1,-1,-1
400,2,275,588,54,99,1,-1,-1,-1
400,3,351,326,32,79,1,-1,-1,-1
400,4,1232,573,43,97,1,-1,-1,-1
401,0,858,323,25,72,1,-1,-1,-1
401,1,381,783,40,113,1,-1,-1,-1
401,2,279,589,53,92,1,-1,-1,-1
401,3,352,326,30,79,1,-1,-1,-1
401,4,1230,572,42,100,1,-1,-1,-1
402,0,857,318,23,77,1,-1,-1,-1
402,1,377,786,41,106,1,-1,-1,-1
402,2,285,589,49,90,1,-1,-1,-1
402,3,350,326,39,79,1,-1,-1,-1
402,4,1230,570,35,102,1,-1,-1,-1
403,0,853,317,26,78,1,-1,-1,-1
403,1,375,785,42,111,1,-1,-1,-1
403,2,299,586,40,93,1,-1,-1,-1
403,3,348,326,49,78,1,-1,-1,-1
403,4,1225,566,41,102,1,-1,-1,-1
404,0,851,317,27,73,1,-1,-1,-1
404,1,373,783,40,113,1,-1,-1,-1
404,2,305,583,34,95,1,-1,-1,-1
404,3,346,326,51,79,1,-1,-1,-1
404,4,1228,566,34,100,1,-1,-1,-1
405,0,850,316,23,74,1,-1,-1,-1
405,1,370,784,41,111,1,-1,-1,-1
405,2,305,579,39,97,1,-1,-1,-1
405,3,344,328,53,77,1,-1,-1,-1
405,4,1227,563,33,97,1,-1,-1,-1
406,0,845,316,27,72,1,-1,-1,-1
406,1,652,676,34,97,1,-1,-1,-1
406,2,309,579,40,98,1,-1,-1,-1
406,3,343,327,53,78,1,-1,-1,-1
406,4,1225,564,34,97,1,-1,-1,-1
407,0,842,315,26,73,1,-1,-1,-1
407,1,648,675,36,98,1,-1,-1,-1
407,2,310,576,45,96,1,-1,-1,-1
407,3,342,327,52,81,1,-1,-1,-1
407,4,1218,562,37,98,1,-1,-1,-1
408,0,839,316,27,70,1,-1,-1,-1
408,1,642,670,41,108,1,-1,-1,-1
408,2,314,572,45,95,1,-1,-1,-1
408,3,343,328,50,78,1,-1,-1,-1
408,4,1215,561,39,97,1,-1,-1,-1
409,0,837,315,26,73,1,-1,-1,-1
409,1,640,667,39,107,1,-1,-1,-1
409,2,319,569,45,95,1,-1,-1,-1
409,3,344,328,40,79,1,-1,-1,-1
409,4,1214,561,37,94,1,-1,-1,-1
410,0,835,310,24,75,1,-1,-1,-1
410,1,639,662,37,112,1,-1,-1,-1
410,2,324,566,44,97,1,-1,-1,-1
410,3,348,328,26,76,1,-1,-1,-1
410,4,1211,558,38,98,1,-1,-1,-1
411,0,831,309,26,74,1,-1,-1,-1
411,1,634,658,38,113,1,-1,-1,-1
411,2,327,566,41,98,1,-1,-1,-1
411,3,349,327,27,78,1,-1,-1,-1
411,4,1209,555,39,99,1,-1,-1,-1
412,0,827,309,29,72,1,-1,-1,-1
412,1,633,657,35,107,1,-1,-1,-1
412,2,331,566,43,98,1,-1,-1,-1
412,3,349,326,27,81,1,-1,-1,-1
412,4,1204,553,44,97,1,-1,-1,-1
413,0,823,309,32,74,1,-1,-1,-1
413,1,629,654,37,98,1,-1,-1,-1
413,2,333,569,44,97,1,-1,-1,-1
413,3,348,327,25,79,1,-1,-1,-1
413,4,1205,551,38,95,1,-1,-1,-1
414,0,821,310,29,71,1,-1,-1,-1
414,1,625,653,36,96,1,-1,-1,-1
414,2,335,567,49,100,1,-1,-1,-1
414,3,345,329,22,76,1,-1,-1,-1
414,4,1195,550,47,96,1,-1,-1,-1
415,0,819,308,27,71,1,-1,-1,-1
415,1,620,653,36,95,1,-1,-1,-1
415,2,335,566,47,100,1,-1,-1,-1
415,3,342,327,26,80,1,-1,-1,-1
415,4,1197,550,40,96,1,-1,-1,-1
416,0,816,306,27,72,1,-1,-1,-1
416,1,615,650,36,98,1,-1,-1,-1
416,2,334,564,46,101,1,-1,-1,-1
416,3,337,328,33,81,1,-1,-1,-1
416,4,1190,549,43,96,1,-1,-1,-1
417,0,812,305,26,74,1,-1,-1,-1
417,1,610,648,41,101,1,-1,-1,-1
417,2,331,562,47,99,1,-1,-1,-1
417,3,332,329,42,79,1,-1,-1,-1
417,4,1187,546,41,96,1,-1,-1,-1
418,0,809,302,25,74,1,-1,-1,-1
418,1,607,644,39,105,1,-1,-1,-1
418,2,331,560,44,101,1,-1,-1,-1
418,3,327,331,45,77,1,-1,-1,-1
418,4,1183,544,37,99,1,-1,-1,-1
419,0,804,303,24,72,1,-1,-1,-1
419,1,603,641,37,106,1,-1,-1,-1
419,2,332,557,35,98,1,-1,-1,-1
419,3,319,331,50,81,1,-1,-1,-1
419,4,1182,543,32,97,1,-1,-1,-1
420,0,798,302,26,73,1,-1,-1,-1
420,1,598,639,35,103,1,-1,-1,-1
420,2,331,556,31,97,1,-1,-1,-1
420,3,315,331,48,80,1,-1,-1,-1
420,4,1178,542,31,97,1,-1,-1,-1
421,0,792,304,26,69,1,-1,-1,-1
421,1,593,634,37,106,1,-1,-1,-1
421,2,329,553,31,97,1,-1,-1,-1
421,3,311,334,46,78,1,-1,-1,-1
421,4,1176,540,27,96,1,-1,-1,-1
422,0,785,304,27,70,1,-1,-1,-1
422,1,585,635,37,93,1,-1,-1,-1
422,2,326,548,32,107,1,-1,-1,-1
422,3,308,331,38,83,1,-1,-1,-1
422,4,1167,537,30,97,1,-1,-1,-1
423,0,778,304,30,70,1,-1,-1,-1
423,1,579,633,38,94,1,-1,-1,-1
423,2,323,547,31,96,1,-1,-1,-1
423,3,307,333,32,81,1,-1,-1,-1
423,4,1160,539,31,93,1,-1,-1,-1
424,0,770,303,35,71,1,-1,-1,-1
424,1,572,634,38,93,1,-1,-1,-1
424,2,319,544,31,99,1,-1,-1,-1
424,3,305,332,24,81,1,-1,-1,-1
424,4,1155,541,30,89,1,-1,-1,-1
425,0,765,303,35,71,1,-1,-1,-1
425,1,567,632,37,93,1,-1,-1,-1
425,2,318,544,29,98,1,-1,-1,-1
425,3,301,333,23,80,1,-1,-1,-1
425,4,1144,538,41,93,1,-1,-1,-1
426,0,761,303,33,70,1,-1,-1,-1
426,1,560,628,40,102,1,-1,-1,-1
426,2,317,544,30,98,1,-1,-1,-1
426,3,295,334,28,83,1,-1,-1,-1
426,4,1134,537,45,95,1,-1,-1,-1
427,0,759,303,30,69,1,-1,-1,-1
427,1,555,625,38,99,1,-1,-1,-1
427,2,313,546,36,97,1,-1,-1,-1
427,3,290,334,31,84,1,-1,-1,-1
427,4,1130,535,47,95,1,-1,-1,-1
428,0,754,302,31,69,1,-1,-1,-1
428,1,546,622,46,103,1,-1,-1,-1
428,2,310,545,36,98,1,-1,-1,-1
428,3,284,336,31,79,1,-1,-1,-1
428,4,1125,534,47,96,1,-1,-1,-1
429,0,752,301,27,71,1,-1,-1,-1
429,1,542,622,44,101,1,-1,-1,-1
429,2,307,546,40,94,1,-1,-1,-1
429,3,277,337,39,80,1,-1,-1,-1
429,4,1114,532,54,98,1,-1,-1,-1
430,0,748,297,27,76,1,-1,-1,-1
430,1,537,618,46,98,1,-1,-1,-1
430,2,300,545,42,95,1,-1,-1,-1
430,3,272,339,47,81,1,-1,-1,-1
430,4,1110,532,52,97,1,-1,-1,-1
431,0,745,296,24,76,1,-1,-1,-1
431,1,534,618,47,92,1,-1,-1,-1
431,2,296,546,48,95,1,-1,-1,-1
431,3,264,340,53,81,1,-1,-1,-1
431,4,1104,532,53,95,1,-1,-1,-1
432,0,740,297,23,75,1,-1,-1,-1
432,1,532,616,45,94,1,-1,-1,-1
432,2,291,543,47,98,1,-1,-1,-1
432,3,260,342,48,79,1,-1,-1,-1
432,4,1099,531,53,96,1,-1,-1,-1
433,0,736,300,23,71,1,-1,-1,-1
433,1,526,618,47,91,1,-1,-1,-1
433,2,288,546,49,94,1,-1,-1,-1
433,3,253,344,50,79,1,-1,-1,-1
433,4,1097,532,47,95,1,-1,-1,-1
434,0,729,301,27,70,1,-1,-1,-1
434,1,526,618,43,93,1,-1,-1,-1
434,2,284,544,46,86,1,-1,-1,-1
434,3,249,344,43,79,1,-1,-1,-1
434,4,1093,531,44,95,1,-1,-1,-1
435,0,723,303,29,70,1,-1,-1,-1
435,1,522,615,43,98,1,-1,-1,-1
435,2,283,545,47,87,1,-1,-1,-1
435,3,244,347,43,79,1,-1,-1,-1
435,4,1095,530,36,94,1,-1,-1,-1
436,0,717,305,32,69,1,-1,-1,-1
436,1,282,546,53,86,1,-1,-1,-1
436,2,259,803,43,98,1,-1,-1,-1
436,3,242,349,36,76,1,-1,-1,-1
436,4,1096,530,28,94,1,-1,-1,-1
437,0,712,306,33,71,1,-1,-1,-1
437,1,518,612,40,100,1,-1,-1,-1
437,2,283,550,49,84,1,-1,-1,-1
437,3,239,349,33,78,1,-1,-1,-1
437,4,1093,528,28,97,1,-1,-1,-1
438,0,705,304,35,71,1,-1,-1,-1
438,1,515,608,40,102,1,-1,-1,-1
438,2,283,547,50,89,1,-1,-1,-1
438,3,237,349,22,79,1,-1,-1,-1
438,4,1085,529,28,94,1,-1,-1,-1
439,0,699,306,34,72,1,-1,-1,-1
439,1,510,609,42,98,1,-1,-1,-1
439,2,280,548,53,92,1,-1,-1,-1
439,3,231,349,23,80,1,-1,-1,-1
439,4,1080,529,28,93,1,-1,-1,-1
440,0,693,308,34,70,1,-1,-1,-1
440,1,508,607,35,95,1,-1,-1,-1
440,2,272,548,50,92,1,-1,-1,-1
440,3,226,352,21,81,1,-1,-1,-1
440,4,1073,532,30,89,1,-1,-1,-1
441,0,689,307,31,69,1,-1,-1,-1
441,1,502,610,37,89,1,-1,-1,-1
441,2,266,546,49,90,1,-1,-1,-1
441,3,218,357,25,77,1,-1,-1,-1
441,4,1065,533,34,93,1,-1,-1,-1
442,0,686,308,28,67,1,-1,-1,-1
442,1,498,611,35,89,1,-1,-1,-1
442,2,258,544,48,92,1,-1,-1,-1
442,3,212,357,32,78,1,-1,-1,-1
442,4,1058,534,35,89,1,-1,-1,-1
443,0,679,308,28,67,1,-1,-1,-1
443,1,492,611,37,91,1,-1,-1,-1
443,2,250,544,43,89,1,-1,-1,-1
443,3,200,356,42,84,1,-1,-1,-1
443,4,1050,535,40,90,1,-1,-1,-1
444,0,673,307,25,67,1,-1,-1,-1
444,1,487,609,35,94,1,-1,-1,-1
444,2,244,543,40,92,1,-1,-1,-1
444,3,189,357,45,83,1,-1,-1,-1
444,4,1042,534,42,90,1,-1,-1,-1
445,0,734,756,34,98,1,-1,-1,-1
445,1,479,609,36,97,1,-1,-1,-1
445,2,237,546,38,88,1,-1,-1,-1
445,3,180,360,48,84,1,-1,-1,-1
445,4,1032,534,47,91,1,-1,-1,-1
446,0,656,308,26,67,1,-1,-1,-1
446,1,470,605,40,98,1,-1,-1,-1
446,2,199,829,64,99,1,-1,-1,-1
446,3,169,363,49,86,1,-1,-1,-1
446,4,1031,535,36,84,1,-1,-1,-1
447,0,650,311,24,67,1,-1,-1,-1
447,1,458,604,47,101,1,-1,-1,-1
447,2,195,831,57,101,1,-1,-1,-1
447,3,158,363,50,86,1,-1,-1,-1
447,4,1018,536,43,86,1,-1,-1,-1
448,0,640,313,29,71,1,-1,-1,-1
448,1,451,605,47,97,1,-1,-1,-1
448,2,219,547,38,91,1,-1,-1,-1
448,3,139,210,26,60,1,-1,-1,-1
448,4,1014,535,42,85,1,-1,-1,-1
449,0,630,313,31,74,1,-1,-1,-1
449,1,443,607,51,92,1,-1,-1,-1
449,2,211,545,42,97,1,-1,-1,-1
449,3,145,367,39,83,1,-1,-1,-1
449,4,1007,535,41,87,1,-1,-1,-1
450,0,623,318,32,67,1,-1,-1,-1
450,1,439,606,50,92,1,-1,-1,-1
450,2,202,546,46,92,1,-1,-1,-1
450,3,143,375,27,73,1,-1,-1,-1
450,4,1006,533,36,88,1,-1,-1,-1
451,0,613,318,35,73,1,-1,-1,-1
451,1,433,607,51,92,1,-1,-1,-1
451,2,193,547,49,90,1,-1,-1,-1
451,3,109,213,25,61,1,-1,-1,-1
451,4,996,532,40,91,1,-1,-1,-1
452,0,605,321,34,67,1,-1,-1,-1
452,1,437,609,41,90,1,-1,-1,-1
452,2,189,546,46,91,1,-1,-1,-1
452,3,99,215,24,57,1,-1,-1,-1
452,4,989,530,41,91,1,-1,-1,-1
453,0,598,323,33,66,1,-1,-1,-1
453,1,430,607,44,94,1,-1,-1,-1
453,2,168,852,38,100,1,-1,-1,-1
453,3,181,548,49,89,1,-1,-1,-1
453,4,983,529,41,90,1,-1,-1,-1
454,0,593,322,30,69,1,-1,-1,-1
454,1,428,605,43,98,1,-1,-1,-1
454,2,177,551,46,86,1,-1,-1,-1
454,3,110,379,30,84,1,-1,-1,-1
454,4,979,531,38,82,1,-1,-1,-1
455,0,583,321,31,66,1,-1,-1,-1
455,1,422,603,44,100,1,-1,-1,-1
455,2,173,554,43,84,1,-1,-1,-1
455,3,99,380,37,82,1,-1,-1,-1
455,4,973,530,40,84,1,-1,-1,-1
456,0,934,111,26,59,1,-1,-1,-1
456,1,417,603,45,98,1,-1,-1,-1
456,2,136,864,59,100,1,-1,-1,-1
456,3,89,386,42,78,1,-1,-1,-1
456,4,968,532,36,83,1,-1,-1,-1
457,0,570,319,24,63,1,-1,-1,-1
457,1,410,602,46,97,1,-1,-1,-1
457,2,165,554,38,85,1,-1,-1,-1
457,3,76,387,52,77,1,-1,-1,-1
457,4,963,532,35,86,1,-1,-1,-1
458,0,562,320,23,64,1,-1,-1,-1
458,1,405,602,45,93,1,-1,-1,-1
458,2,154,553,44,89,1,-1,-1,-1
458,3,65,386,58,80,1,-1,-1,-1
458,4,955,534,33,87,1,-1,-1,-1
459,0,553,320,22,63,1,-1,-1,-1
459,1,400,602,44,94,1,-1,-1,-1
459,2,145,552,49,93,1,-1,-1,-1
459,3,52,392,57,75,1,-1,-1,-1
459,4,949,531,32,85,1,-1,-1,-1
460,0,543,319,23,64,1,-1,-1,-1
460,1,396,604,42,90,1,-1,-1,-1
460,2,138,552,51,89,1,-1,-1,-1
460,3,43,387,55,81,1,-1,-1,-1
460,4,938,527,37,92,1,-1,-1,-1
461,0,533,321,25,62,1,-1,-1,-1
461,1,393,605,38,89,1,-1,-1,-1
461,2,131,552,54,91,1,-1,-1,-1
461,3,38,388,52,79,1,-1,-1,-1
461,4,930,525,39,90,1,-1,-1,-1
462,0,923,524,40,90,1,-1,-1,-1
462,1,390,603,32,91,1,-1,-1,-1
462,2,125,557,51,79,1,-1,-1,-1
462,3,29,387,49,85,1,-1,-1,-1
462,4,1271,583,43,87,1,-1,-1,-1
463,0,869,116,25,63,1,-1,-1,-1
463,1,381,601,37,93,1,-1,-1,-1
463,2,115,558,55,78,1,-1,-1,-1
463,3,23,387,42,83,1,-1,-1,-1
463,4,914,522,48,91,1,-1,-1,-1
464,0,908,523,47,88,1,-1,-1,-1
464,1,371,596,41,96,1,-1,-1,-1
464,2,111,553,56,85,1,-1,-1,-1
464,3,505,326,25,56,1,-1,-1,-1
464,4,1259,584,44,84,1,-1,-1,-1
465,0,907,522,38,87,1,-1,-1,-1
465,1,360,595,47,97,1,-1,-1,-1
465,2,108,556,53,83,1,-1,-1,-1
465,3,495,326,27,59,1,-1,-1,-1
465,4,1253,576,45,96,1,-1,-1,-1
466,0,904,523,33,83,1,-1,-1,-1
466,1,351,593,51,97,1,-1,-1,-1
466,2,119,557,36,78,1,-1,-1,-1
466,3,487,327,25,58,1,-1,-1,-1
466,4,1246,573,44,94,1,-1,-1,-1
467,0,900,520,29,86,1,-1,-1,-1
467,1,342,590,56,96,1,-1,-1,-1
467,2,113,555,40,81,1,-1,-1,-1
467,3,479,326,24,59,1,-1,-1,-1
467,4,1240,570,45,92,1,-1,-1,-1
468,0,894,516,30,89,1,-1,-1,-1
468,1,338,589,57,94,1,-1,-1,-1
468,2,103,551,45,87,1,-1,-1,-1
468,3,470,327,25,55,1,-1,-1,-1
468,4,1234,570,46,86,1,-1,-1,-1
469,0,888,514,32,90,1,-1,-1,-1
469,1,336,590,54,92,1,-1,-1,-1
469,2,95,548,49,87,1,-1,-1,-1
469,3,460,325,27,59,1,-1,-1,-1
469,4,1229,568,46,88,1,-1,-1,-1
470,0,883,512,33,87,1,-1,-1,-1
470,1,334,591,50,87,1,-1,-1,-1
470,2,90,545,52,88,1,-1,-1,-1
470,3,453,324,27,62,1,-1,-1,-1
470,4,1229,568,39,83,1,-1,-1,-1
471,0,879,509,35,87,1,-1,-1,-1
471,1,334,590,49,89,1,-1,-1,-1
471,2,88,546,52,89,1,-1,-1,-1
471,3,446,325,27,60,1,-1,-1,-1
471,4,1227,568,37,83,1,-1,-1,-1
472,0,874,508,33,85,1,-1,-1,-1
472,1,338,590,37,87,1,-1,-1,-1
472,2,88,546,50,88,1,-1,-1,-1
472,3,439,323,27,62,1,-1,-1,-1
472,4,1227,567,35,83,1,-1,-1,-1
473,0,871,507,32,85,1,-1,-1,-1
473,1,335,585,41,94,1,-1,-1,-1
473,2,90,546,45,89,1,-1,-1,-1
473,3,434,323,25,58,1,-1,-1,-1
473,4,1224,565,35,88,1,-1,-1,-1
474,0,867,507,31,85,1,-1,-1,-1
474,1,330,581,45,97,1,-1,-1,-1
474,2,104,546,25,88,1,-1,-1,-1
474,3,424,323,29,61,1,-1,-1,-1
474,4,1221,563,32,84,1,-1,-1,-1
475,0,864,506,31,85,1,-1,-1,-1
475,1,327,579,44,95,1,-1,-1,-1
475,2,100,548,25,86,1,-1,-1,-1
475,3,418,323,28,64,1,-1,-1,-1
475,4,1214,559,34,92,1,-1,-1,-1
476,0,861,505,30,85,1,-1,-1,-1
476,1,325,577,46,97,1,-1,-1,-1
476,2,91,548,29,86,1,-1,-1,-1
476,3,410,324,31,67,1,-1,-1,-1
476,4,1207,558,42,91,1,-1,-1,-1
477,0,856,502,29,85,1,-1,-1,-1
477,1,322,578,49,93,1,-1,-1,-1
477,2,89,545,38,88,1,-1,-1,-1
477,3,404,322,32,67,1,-1,-1,-1
477,4,1201,556,46,88,1,-1,-1,-1
478,0,849,498,34,91,1,-1,-1,-1
478,1,322,579,44,87,1,-1,-1,-1
478,2,83,543,41,91,1,-1,-1,-1
478,3,397,325,32,62,1,-1,-1,-1
478,4,1198,555,47,86,1,-1,-1,-1
479,0,845,497,36,91,1,-1,-1,-1
479,1,322,579,40,86,1,-1,-1,-1
479,2,76,541,50,96,1,-1,-1,-1
479,3,389,323,36,66,1,-1,-1,-1
479,4,1199,554,41,84,1,-1,-1,-1
480,0,839,495,39,91,1,-1,-1,-1
480,1,323,579,34,86,1,-1,-1,-1
480,2,74,541,54,92,1,-1,-1,-1
480,3,383,326,36,63,1,-1,-1,-1
480,4,1201,553,38,86,1,-1,-1,-1
481,0,836,494,39,87,1,-1,-1,-1
481,1,325,578,31,89,1,-1,-1,-1
481,2,70,540,59,88,1,-1,-1,-1
481,3,379,324,35,64,1,-1,-1,-1
481,4,1203,553,34,84,1,-1,-1,-1
482,0,833,495,40,85,1,-1,-1,-1
482,1,322,575,35,90,1,-1,-1,-1
482,2,66,542,62,87,1,-1,-1,-1
482,3,377,324,33,62,1,-1,-1,-1
482,4,1199,553,35,83,1,-1,-1,-1
483,0,836,493,33,85,1,-1,-1,-1
483,1,313,570,45,98,1,-1,-1,-1
483,2,66,545,59,85,1,-1,-1,-1
483,3,374,325,28,61,1,-1,-1,-1
483,4,1196,551,37,85,1,-1,-1,-1
484,0,834,493,29,84,1,-1,-1,-1
484,1,309,567,48,98,1,-1,-1,-1
484,2,73,545,45,85,1,-1,-1,-1
484,3,374,324,23,54,1,-1,-1,-1
484,4,1189,547,43,87,1,-1,-1,-1
485,0,831,489,29,90,1,-1,-1,-1
485,1,303,566,53,96,1,-1,-1,-1
485,2,85,547,31,83,1,-1,-1,-1
485,3,365,323,28,61,1,-1,-1,-1
485,4,1189,543,39,86,1,-1,-1,-1
486,0,826,487,32,88,1,-1,-1,-1
486,1,300,565,59,94,1,-1,-1,-1
486,2,81,548,33,81,1,-1,-1,-1
486,3,361,324,26,64,1,-1,-1,-1
486,4,1185,542,39,84,1,-1,-1,-1
487,0,822,483,34,89,1,-1,-1,-1
487,1,576,737,47,99,1,-1,-1,-1
487,2,295,567,63,92,1,-1,-1,-1
487,3,352,322,34,70,1,-1,-1,-1
487,4,1182,539,41,88,1,-1,-1,-1
488,0,818,482,34,84,1,-1,-1,-1
488,1,572,734,53,104,1,-1,-1,-1
488,2,295,568,56,89,1,-1,-1,-1
488,3,349,323,33,69,1,-1,-1,-1
488,4,1182,539,39,85,1,-1,-1,-1
489,0,814,481,34,84,1,-1,-1,-1
489,1,569,731,58,103,1,-1,-1,-1
489,2,313,569,31,87,1,-1,-1,-1
489,3,343,328,35,64,1,-1,-1,-1
489,4,1180,539,36,84,1,-1,-1,-1
490,0,814,481,29,83,1,-1,-1,-1
490,1,566,731,62,99,1,-1,-1,-1
490,2,308,567,35,87,1,-1,-1,-1
490,3,336,325,38,68,1,-1,-1,-1
490,4,1181,539,33,82,1,-1,-1,-1
491,0,812,481,28,81,1,-1,-1,-1
491,1,566,731,59,93,1,-1,-1,-1
491,2,307,565,38,88,1,-1,-1,-1
491,3,325,326,48,67,1,-1,-1,-1
491,4,1180,538,29,83,1,-1,-1,-1
492,0,809,478,26,80,1,-1,-1,-1
492,1,569,732,51,91,1,-1,-1,-1
492,2,304,563,38,90,1,-1,-1,-1
492,3,318,326,50,65,1,-1,-1,-1
492,4,1176,536,30,83,1,-1,-1,-1
493,0,799,477,35,87,1,-1,-1,-1
493,1,576,732,43,92,1,-1,-1,-1
493,2,298,561,43,92,1,-1,-1,-1
493,3,314,325,47,63,1,-1,-1,-1
493,4,1169,534,33,86,1,-1,-1,-1
494,0,794,475,35,85,1,-1,-1,-1
494,1,582,730,35,90,1,-1,-1,-1
494,2,294,559,45,91,1,-1,-1,-1
494,3,310,328,42,59,1,-1,-1,-1
494,4,1159,532,42,88,1,-1,-1,-1
495,0,785,472,40,85,1,-1,-1,-1
495,1,578,725,40,97,1,-1,-1,-1
495,2,286,558,55,93,1,-1,-1,-1
495,3,305,333,39,56,1,-1,-1,-1
495,4,1155,530,43,86,1,-1,-1,-1
496,0,778,469,45,88,1,-1,-1,-1
496,1,572,721,45,102,1,-1,-1,-1
496,2,283,558,55,91,1,-1,-1,-1
496,3,62,545,34,89,1,-1,-1,-1
496,4,1151,526,47,85,1,-1,-1,-1
497,0,774,468,45,86,1,-1,-1,-1
497,1,566,720,48,97,1,-1,-1,-1
497,2,287,560,41,83,1,-1,-1,-1
497,3,306,330,31,55,1,-1,-1,-1
497,4,1148,527,40,84,1,-1,-1,-1
498,0,770,470,43,82,1,-1,-1,-1
498,1,562,718,53,96,1,-1,-1,-1
498,2,288,560,33,82,1,-1,-1,-1
498,3,293,336,40,52,1,-1,-1,-1
498,4,1151,526,34,84,1,-1,-1,-1
499,0,771,469,35,82,1,-1,-1,-1
499,1,558,717,58,98,1,-1,-1,-1
499,2,286,559,33,86,1,-1,-1,-1
499,3,284,335,46,54,1,-1,-1,-1
499,4,1149,526,34,83,1,-1,-1,-1
500,0,770,467,35,84,1,-1,-1,-1
500,1,562,718,49,92,1,-1,-1,-1
500,2,287,558,33,86,1,-1,-1,-1
500,3,276,331,55,61,1,-1,-1,-1
500,4,1147,526,33,85,1,-1,-1,-1
501,0,770,464,31,85,1,-1,-1,-1
501,1,570,720,37,91,1,-1,-1,-1
501,2,284,555,36,90,1,-1,-1,-1
501,3,275,330,54,63,1,-1,-1,-1
501,4,1146,522,32,88,1,-1,-1,-1
502,0,766,461,35,86,1,-1,-1,-1
502,1,579,721,28,89,1,-1,-1,-1
502,2,278,552,44,93,1,-1,-1,-1
502,3,280,330,45,61,1,-1,-1,-1
502,4,1141,517,36,91,1,-1,-1,-1
503,0,766,457,35,85,1,-1,-1,-1
503,1,578,716,33,94,1,-1,-1,-1
503,2,273,549,49,95,1,-1,-1,-1
503,3,283,332,41,54,1,-1,-1,-1
503,4,1139,515,36,87,1,-1,-1,-1
