1,0,171,94,77,231,1,-1,-1,-1
1,1,99,97,63,220,1,-1,-1,-1
1,2,435,95,86,231,1,-1,-1,-1
1,3,348,77,89,253,1,-1,-1,-1
1,4,576,83,59,196,1,-1,-1,-1
1,5,517,112,44,121,1,-1,-1,-1
1,6,178,93,35,90,1,-1,-1,-1
2,0,185,91,68,233,1,-1,-1,-1
2,1,89,99,65,219,1,-1,-1,-1
2,2,445,91,76,237,1,-1,-1,-1
2,3,351,77,91,254,1,-1,-1,-1
2,4,575,85,60,195,1,-1,-1,-1
2,5,514,111,46,124,1,-1,-1,-1
2,6,180,94,36,97,1,-1,-1,-1
3,0,192,89,64,233,1,-1,-1,-1
3,1,74,100,79,220,1,-1,-1,-1
3,2,447,91,77,236,1,-1,-1,-1
3,3,353,78,93,255,1,-1,-1,-1
3,4,575,80,62,201,1,-1,-1,-1
3,5,517,111,44,123,1,-1,-1,-1
3,6,182,94,35,165,1,-1,-1,-1
4,0,194,93,71,228,1,-1,-1,-1
4,1,64,101,86,219,1,-1,-1,-1
4,2,448,89,83,233,1,-1,-1,-1
4,3,357,79,94,253,1,-1,-1,-1
4,4,573,81,63,201,1,-1,-1,-1
4,5,515,113,44,121,1,-1,-1,-1
4,6,180,94,37,165,1,-1,-1,-1
5,0,198,87,74,234,1,-1,-1,-1
5,1,61,102,84,218,1,-1,-1,-1
5,2,451,87,86,237,1,-1,-1,-1
5,3,360,80,92,248,1,-1,-1,-1
5,4,568,85,66,197,1,-1,-1,-1
5,5,512,111,45,124,1,-1,-1,-1
5,6,178,92,40,165,1,-1,-1,-1
6,0,202,90,82,232,1,-1,-1,-1
6,1,56,107,89,216,1,-1,-1,-1
6,2,453,89,93,233,1,-1,-1,-1
6,3,364,84,94,241,1,-1,-1,-1
6,4,567,85,67,198,1,-1,-1,-1
6,5,514,110,41,128,1,-1,-1,-1
6,6,178,94,41,162,1,-1,-1,-1
7,0,213,94,78,228,1,-1,-1,-1
7,1,52,99,87,219,1,-1,-1,-1
7,2,459,91,83,232,1,-1,-1,-1
7,3,366,83,93,242,1,-1,-1,-1
7,4,567,88,66,195,1,-1,-1,-1
7,6,178,95,43,160,1,-1,-1,-1
8,0,216,95,79,226,1,-1,-1,-1
8,1,52,101,77,219,1,-1,-1,-1
8,2,459,86,83,235,1,-1,-1,-1
8,3,367,85,96,238,1,-1,-1,-1
8,4,564,90,67,190,1,-1,-1,-1
8,6,178,92,44,163,1,-1,-1,-1
9,0,219,97,88,223,1,-1,-1,-1
9,1,50,101,72,224,1,-1,-1,-1
9,2,465,85,76,237,1,-1,-1,-1
9,3,369,86,94,237,1,-1,-1,-1
9,4,562,85,73,197,1,-1,-1,-1
9,6,178,92,43,162,1,-1,-1,-1
10,0,221,97,89,224,1,-1,-1,-1
10,1,46,98,67,227,1,-1,-1,-1
10,2,467,87,81,233,1,-1,-1,-1
10,3,371,84,94,240,1,-1,-1,-1
10,4,563,89,68,191,1,-1,-1,-1
10,6,178,94,43,161,1,-1,-1,-1
11,0,225,99,87,218,1,-1,-1,-1
11,1,45,97,57,227,1,-1,-1,-1
11,2,468,87,87,232,1,-1,-1,-1
11,3,375,81,89,243,1,-1,-1,-1
11,4,560,87,71,198,1,-1,-1,-1
11,6,179,94,42,159,1,-1,-1,-1
12,0,228,96,91,221,1,-1,-1,-1
12,1,38,95,57,227,1,-1,-1,-1
12,2,469,92,92,226,1,-1,-1,-1
12,3,377,80,89,244,1,-1,-1,-1
12,4,613,169,26,67,1,-1,-1,-1
12,5,556,88,62,191,1,-1,-1,-1
12,6,179,94,42,157,1,-1,-1,-1
13,0,234,96,86,221,1,-1,-1,-1
13,1,28,98,62,225,1,-1,-1,-1
13,2,473,92,89,223,1,-1,-1,-1
13,3,376,78,91,247,1,-1,-1,-1
13,4,605,111,34,127,1,-1,-1,-1
13,5,556,87,58,191,1,-1,-1,-1
13,6,179,95,41,157,1,-1,-1,-1
14,0,242,97,77,218,1,-1,-1,-1
14,1,15,99,73,226,1,-1,-1,-1
14,2,478,95,89,222,1,-1,-1,-1
14,3,381,78,88,247,1,-1,-1,-1
14,4,605,108,33,129,1,-1,-1,-1
14,5,556,89,56,189,1,-1,-1,-1
14,6,178,94,42,159,1,-1,-1,-1
15,0,245,91,76,220,1,-1,-1,-1
15,1,6,95,78,227,1,-1,-1,-1
15,2,481,91,91,228,1,-1,-1,-1
15,3,382,79,91,243,1,-1,-1,-1
15,4,597,103,40,135,1,-1,-1,-1
15,5,552,85,61,194,1,-1,-1,-1
15,6,178,94,42,158,1,-1,-1,-1
16,0,248,89,73,222,1,-1,-1,-1
16,1,0,95,84,228,1,-1,-1,-1
16,2,484,93,86,226,1,-1,-1,-1
16,3,386,80,88,239,1,-1,-1,-1
16,4,594,104,44,132,1,-1,-1,-1
16,5,550,87,57,192,1,-1,-1,-1
16,6,178,94,43,158,1,-1,-1,-1
17,0,251,92,73,218,1,-1,-1,-1
17,1,0,98,83,224,1,-1,-1,-1
17,2,487,86,79,231,1,-1,-1,-1
17,3,390,80,87,238,1,-1,-1,-1
17,4,599,122,38,116,1,-1,-1,-1
17,5,548,90,57,190,1,-1,-1,-1
17,6,178,94,43,158,1,-1,-1,-1
18,0,254,87,72,223,1,-1,-1,-1
18,1,0,97,82,227,1,-1,-1,-1
18,2,488,84,80,232,1,-1,-1,-1
18,3,395,88,85,230,1,-1,-1,-1
18,4,596,110,39,128,1,-1,-1,-1
18,5,550,92,49,188,1,-1,-1,-1
18,6,178,94,42,158,1,-1,-1,-1
19,0,258,89,71,219,1,-1,-1,-1
19,1,0,97,82,226,1,-1,-1,-1
19,2,397,81,89,242,1,-1,-1,-1
19,4,560,97,42,182,1,-1,-1,-1
19,5,491,95,82,224,1,-1,-1,-1
19,6,178,94,43,159,1,-1,-1,-1
20,1,0,99,80,226,1,-1,-1,-1
20,2,398,84,94,235,1,-1,-1,-1
20,3,262,96,79,211,1,-1,-1,-1
20,4,551,98,46,182,1,-1,-1,-1
20,5,493,95,84,223,1,-1,-1,-1
20,6,178,95,42,157,1,-1,-1,-1
21,1,1,100,74,227,1,-1,-1,-1
21,2,406,88,92,230,1,-1,-1,-1
21,3,267,99,78,208,1,-1,-1,-1
21,4,563,104,35,172,1,-1,-1,-1
21,5,501,90,79,225,1,-1,-1,-1
21,6,177,94,43,159,1,-1,-1,-1
22,0,269,100,79,207,1,-1,-1,-1
22,1,0,84,67,246,1,-1,-1,-1
22,2,508,86,81,230,1,-1,-1,-1
22,3,408,88,91,230,1,-1,-1,-1
22,4,589,98,43,143,1,-1,-1,-1
22,5,560,99,35,179,1,-1,-1,-1
22,6,178,96,42,157,1,-1,-1,-1
23,1,0,81,56,246,1,-1,-1,-1
23,2,408,85,93,231,1,-1,-1,-1
23,3,270,100,75,209,1,-1,-1,-1
23,4,583,110,50,130,1,-1,-1,-1
23,5,509,86,79,226,1,-1,-1,-1
23,6,178,94,42,159,1,-1,-1,-1
24,0,272,94,75,213,1,-1,-1,-1
24,1,0,81,39,246,1,-1,-1,-1
24,2,481,110,36,102,1,-1,-1,-1
24,3,411,86,93,228,1,-1,-1,-1
24,4,588,109,49,130,1,-1,-1,-1
24,5,511,89,85,221,1,-1,-1,-1
24,6,177,94,43,159,1,-1,-1,-1
25,0,279,94,71,213,1,-1,-1,-1
25,1,395,330,22,38,1,-1,-1,-1
25,2,483,111,35,101,1,-1,-1,-1
25,3,413,80,95,238,1,-1,-1,-1
25,4,588,107,49,133,1,-1,-1,-1
25,5,506,87,93,227,1,-1,-1,-1
25,6,177,94,42,159,1,-1,-1,-1
26,0,285,94,67,212,1,-1,-1,-1
26,2,510,88,94,225,1,-1,-1,-1
26,3,418,80,95,239,1,-1,-1,-1
26,4,609,162,29,76,1,-1,-1,-1
26,5,586,106,39,135,1,-1,-1,-1
26,6,177,93,42,160,1,-1,-1,-1
27,0,288,92,71,214,1,-1,-1,-1
27,2,510,92,93,221,1,-1,-1,-1
27,3,422,79,97,241,1,-1,-1,-1
27,4,608,159,27,80,1,-1,-1,-1
27,5,586,101,37,140,1,-1,-1,-1
27,6,178,98,41,155,1,-1,-1,-1
28,0,297,90,67,215,1,-1,-1,-1
28,2,507,96,36,181,1,-1,-1,-1
28,3,428,79,93,236,1,-1,-1,-1
28,4,606,147,30,88,1,-1,-1,-1
28,5,513,91,92,221,1,-1,-1,-1
28,6,176,98,40,154,1,-1,-1,-1
29,0,301,88,69,216,1,-1,-1,-1
29,2,504,91,40,188,1,-1,-1,-1
29,3,432,80,88,232,1,-1,-1,-1
29,4,592,141,41,98,1,-1,-1,-1
29,5,520,93,85,216,1,-1,-1,-1
29,6,178,99,42,156,1,-1,-1,-1
30,0,306,93,77,212,1,-1,-1,-1
30,2,504,94,41,184,1,-1,-1,-1
30,3,434,81,79,232,1,-1,-1,-1
30,4,593,147,41,91,1,-1,-1,-1
30,5,521,94,93,217,1,-1,-1,-1
30,6,177,99,43,157,1,-1,-1,-1
31,0,310,91,74,214,1,-1,-1,-1
31,2,502,93,44,184,1,-1,-1,-1
31,3,436,80,79,231,1,-1,-1,-1
31,4,594,163,37,76,1,-1,-1,-1
31,5,537,93,92,216,1,-1,-1,-1
31,6,175,97,41,155,1,-1,-1,-1
32,0,315,92,70,211,1,-1,-1,-1
32,2,500,95,62,181,1,-1,-1,-1
32,3,438,80,83,231,1,-1,-1,-1
32,4,594,151,41,88,1,-1,-1,-1
32,5,537,93,84,219,1,-1,-1,-1
32,6,175,97,41,155,1,-1,-1,-1
33,0,318,92,72,211,1,-1,-1,-1
33,2,444,86,104,223,1,-1,-1,-1
33,3,500,97,59,178,1,-1,-1,-1
33,4,598,142,38,98,1,-1,-1,-1
33,5,543,90,73,223,1,-1,-1,-1
33,6,176,93,40,159,1,-1,-1,-1
34,2,449,86,85,223,1,-1,-1,-1
34,3,323,96,74,205,1,-1,-1,-1
34,4,546,88,74,223,1,-1,-1,-1
34,5,498,90,54,190,1,-1,-1,-1
34,6,177,93,41,160,1,-1,-1,-1
35,2,448,95,92,215,1,-1,-1,-1
35,3,322,96,78,209,1,-1,-1,-1
35,4,549,89,78,212,1,-1,-1,-1
35,5,500,98,45,177,1,-1,-1,-1
35,6,177,93,42,161,1,-1,-1,-1
36,2,452,94,90,212,1,-1,-1,-1
36,3,324,94,79,208,1,-1,-1,-1
36,4,551,86,82,222,1,-1,-1,-1
36,6,176,94,41,159,1,-1,-1,-1
37,2,453,89,92,219,1,-1,-1,-1
37,3,327,95,78,207,1,-1,-1,-1
37,4,559,82,76,227,1,-1,-1,-1
37,6,176,93,40,159,1,-1,-1,-1
38,2,396,326,21,40,1,-1,-1,-1
38,3,335,94,71,208,1,-1,-1,-1
38,4,560,87,74,222,1,-1,-1,-1
38,5,457,89,89,221,1,-1,-1,-1
38,6,176,93,40,159,1,-1,-1,-1
39,0,395,326,20,40,1,-1,-1,-1
39,2,443,109,32,126,1,-1,-1,-1
39,3,343,93,67,207,1,-1,-1,-1
39,4,562,87,72,220,1,-1,-1,-1
39,5,460,88,86,221,1,-1,-1,-1
39,6,176,93,40,160,1,-1,-1,-1
40,0,394,325,22,42,1,-1,-1,-1
40,2,443,108,27,117,1,-1,-1,-1
40,3,348,92,64,209,1,-1,-1,-1
40,4,566,88,68,218,1,-1,-1,-1
40,5,466,87,81,222,1,-1,-1,-1
40,6,176,92,40,160,1,-1,-1,-1
41,2,443,109,27,114,1,-1,-1,-1
41,3,348,92,66,206,1,-1,-1,-1
41,4,566,86,72,221,1,-1,-1,-1
41,5,465,85,86,221,1,-1,-1,-1
41,6,175,93,40,159,1,-1,-1,-1
42,2,442,106,32,135,1,-1,-1,-1
42,3,349,93,66,203,1,-1,-1,-1
42,4,566,89,71,217,1,-1,-1,-1
42,5,466,83,88,220,1,-1,-1,-1
42,6,175,94,40,158,1,-1,-1,-1
43,2,443,110,28,128,1,-1,-1,-1
43,3,354,93,64,201,1,-1,-1,-1
43,4,569,95,70,210,1,-1,-1,-1
43,5,466,84,88,226,1,-1,-1,-1
43,6,175,95,40,157,1,-1,-1,-1
44,0,359,94,61,199,1,-1,-1,-1
44,2,461,97,40,179,1,-1,-1,-1
44,3,442,109,28,129,1,-1,-1,-1
44,4,571,97,69,211,1,-1,-1,-1
44,5,468,88,90,221,1,-1,-1,-1
44,6,175,95,40,158,1,-1,-1,-1
45,0,362,95,68,197,1,-1,-1,-1
45,2,460,96,41,182,1,-1,-1,-1
45,3,440,111,27,128,1,-1,-1,-1
45,4,573,98,66,210,1,-1,-1,-1
45,5,477,85,83,219,1,-1,-1,-1
45,6,175,94,40,158,1,-1,-1,-1
46,0,437,112,30,127,1,-1,-1,-1
46,2,460,95,38,178,1,-1,-1,-1
46,3,366,98,71,193,1,-1,-1,-1
46,4,576,95,63,211,1,-1,-1,-1
46,5,483,86,79,218,1,-1,-1,-1
46,6,175,95,40,157,1,-1,-1,-1
47,0,436,110,27,128,1,-1,-1,-1
47,2,458,96,40,172,1,-1,-1,-1
47,3,369,98,70,193,1,-1,-1,-1
47,4,579,87,58,220,1,-1,-1,-1
47,5,481,86,88,216,1,-1,-1,-1
47,6,175,96,40,156,1,-1,-1,-1
48,0,435,111,31,129,1,-1,-1,-1
48,2,456,93,41,176,1,-1,-1,-1
48,3,370,96,69,197,1,-1,-1,-1
48,4,581,82,57,225,1,-1,-1,-1
48,5,487,86,94,220,1,-1,-1,-1
48,6,175,96,40,156,1,-1,-1,-1
49,0,434,110,27,128,1,-1,-1,-1
49,2,453,93,41,183,1,-1,-1,-1
49,3,371,98,68,195,1,-1,-1,-1
49,4,584,85,56,223,1,-1,-1,-1
49,5,489,87,95,217,1,-1,-1,-1
49,6,175,99,42,155,1,-1,-1,-1
50,0,434,110,25,130,1,-1,-1,-1
50,2,447,95,50,178,1,-1,-1,-1
50,3,376,98,65,193,1,-1,-1,-1
50,4,586,92,54,212,1,-1,-1,-1
50,5,493,88,93,214,1,-1,-1,-1
50,6,175,99,42,155,1,-1,-1,-1
51,0,175,97,42,156,1,-1,-1,-1
51,2,446,95,52,179,1,-1,-1,-1
51,3,380,95,67,195,1,-1,-1,-1
51,4,589,88,50,217,1,-1,-1,-1
51,5,496,90,93,212,1,-1,-1,-1
52,0,175,97,43,156,1,-1,-1,-1
52,2,444,94,55,177,1,-1,-1,-1
52,3,384,95,67,195,1,-1,-1,-1
52,4,590,89,50,214,1,-1,-1,-1
52,5,496,89,93,213,1,-1,-1,-1
53,0,175,98,42,156,1,-1,-1,-1
53,2,441,94,57,181,1,-1,-1,-1
53,3,392,93,63,200,1,-1,-1,-1
53,4,592,89,48,211,1,-1,-1,-1
53,5,501,97,96,205,1,-1,-1,-1
54,0,175,98,42,156,1,-1,-1,-1
54,2,444,94,50,178,1,-1,-1,-1
54,3,402,92,62,198,1,-1,-1,-1
54,4,594,77,45,223,1,-1,-1,-1
54,5,503,85,100,219,1,-1,-1,-1
55,0,175,97,42,157,1,-1,-1,-1
55,2,446,95,47,172,1,-1,-1,-1
55,3,403,95,62,191,1,-1,-1,-1
55,4,594,92,45,205,1,-1,-1,-1
55,5,506,83,98,220,1,-1,-1,-1
56,2,448,97,40,176,1,-1,-1,-1
56,3,407,94,66,193,1,-1,-1,-1
56,4,597,98,42,205,1,-1,-1,-1
56,5,510,83,93,219,1,-1,-1,-1
56,6,175,97,40,155,1,-1,-1,-1
57,2,452,99,36,172,1,-1,-1,-1
57,3,410,97,69,188,1,-1,-1,-1
57,4,597,93,43,210,1,-1,-1,-1
57,5,515,92,88,209,1,-1,-1,-1
57,6,175,89,40,164,1,-1,-1,-1
58,2,413,95,67,192,1,-1,-1,-1
58,4,601,109,38,191,1,-1,-1,-1
58,5,526,88,77,211,1,-1,-1,-1
58,6,175,89,40,164,1,-1,-1,-1
59,2,410,96,73,190,1,-1,-1,-1
59,4,614,108,25,192,1,-1,-1,-1
59,5,528,90,75,209,1,-1,-1,-1
59,6,175,89,40,164,1,-1,-1,-1
60,2,411,94,76,195,1,-1,-1,-1
60,4,530,90,82,210,1,-1,-1,-1
60,6,175,90,40,163,1,-1,-1,-1
61,2,413,96,75,193,1,-1,-1,-1
61,3,403,99,48,167,1,-1,-1,-1
61,4,534,88,87,215,1,-1,-1,-1
61,6,174,89,41,163,1,-1,-1,-1
62,2,425,101,70,186,1,-1,-1,-1
62,3,401,96,47,175,1,-1,-1,-1
62,4,538,88,82,215,1,-1,-1,-1
62,6,174,88,42,164,1,-1,-1,-1
63,2,429,96,68,196,1,-1,-1,-1
63,3,397,96,52,174,1,-1,-1,-1
63,4,540,91,83,211,1,-1,-1,-1
63,6,175,89,44,163,1,-1,-1,-1
64,2,434,96,66,193,1,-1,-1,-1
64,3,395,94,58,183,1,-1,-1,-1
64,4,543,88,87,209,1,-1,-1,-1
64,6,175,91,45,162,1,-1,-1,-1
65,2,435,95,66,192,1,-1,-1,-1
65,3,395,94,63,182,1,-1,-1,-1
65,4,547,89,80,207,1,-1,-1,-1
65,6,175,92,45,162,1,-1,-1,-1
66,2,438,94,65,193,1,-1,-1,-1
66,3,394,93,64,182,1,-1,-1,-1
66,4,550,88,77,207,1,-1,-1,-1
66,6,175,92,46,161,1,-1,-1,-1
67,2,442,92,62,193,1,-1,-1,-1
67,3,394,91,59,179,1,-1,-1,-1
67,4,550,87,78,209,1,-1,-1,-1
67,6,175,92,45,162,1,-1,-1,-1
68,2,446,92,60,190,1,-1,-1,-1
68,3,392,92,57,177,1,-1,-1,-1
68,4,552,87,71,213,1,-1,-1,-1
68,6,174,92,43,162,1,-1,-1,-1
69,2,446,91,62,189,1,-1,-1,-1
69,3,390,92,60,179,1,-1,-1,-1
69,4,559,87,65,213,1,-1,-1,-1
69,6,177,91,43,162,1,-1,-1,-1
70,2,446,93,67,192,1,-1,-1,-1
70,3,385,90,62,182,1,-1,-1,-1
70,4,557,89,70,207,1,-1,-1,-1
70,6,177,94,45,159,1,-1,-1,-1
71,2,453,91,61,190,1,-1,-1,-1
71,3,386,92,58,177,1,-1,-1,-1
71,4,622,111,17,161,1,-1,-1,-1
71,5,559,87,73,209,1,-1,-1,-1
71,6,177,95,45,157,1,-1,-1,-1
72,2,456,94,61,188,1,-1,-1,-1
72,3,382,93,60,181,1,-1,-1,-1
72,4,562,89,72,208,1,-1,-1,-1
72,6,177,95,46,157,1,-1,-1,-1
73,2,460,94,58,189,1,-1,-1,-1
73,3,383,93,58,177,1,-1,-1,-1
73,4,569,83,68,214,1,-1,-1,-1
73,6,178,94,47,156,1,-1,-1,-1
74,2,461,95,59,190,1,-1,-1,-1
74,3,381,93,59,177,1,-1,-1,-1
74,4,573,83,65,212,1,-1,-1,-1
74,6,178,94,48,157,1,-1,-1,-1
75,2,466,95,60,185,1,-1,-1,-1
75,3,377,95,62,177,1,-1,-1,-1
75,4,574,82,64,211,1,-1,-1,-1
75,6,178,94,49,157,1,-1,-1,-1
76,2,467,95,61,187,1,-1,-1,-1
76,3,374,96,62,174,1,-1,-1,-1
76,4,576,83,62,210,1,-1,-1,-1
76,6,177,94,50,157,1,-1,-1,-1
77,2,469,95,62,182,1,-1,-1,-1
77,3,372,98,61,173,1,-1,-1,-1
77,4,573,86,65,208,1,-1,-1,-1
77,6,175,93,53,159,1,-1,-1,-1
78,0,174,95,54,158,1,-1,-1,-1
78,2,403,105,39,131,1,-1,-1,-1
78,3,369,95,60,174,1,-1,-1,-1
78,4,565,92,74,203,1,-1,-1,-1
78,5,473,95,64,181,1,-1,-1,-1
79,2,400,104,42,137,1,-1,-1,-1
79,3,366,100,56,167,1,-1,-1,-1
79,4,576,96,63,196,1,-1,-1,-1
79,5,476,94,65,186,1,-1,-1,-1
79,6,175,94,53,159,1,-1,-1,-1
80,2,402,105,38,138,1,-1,-1,-1
80,3,366,96,54,174,1,-1,-1,-1
80,4,581,102,58,190,1,-1,-1,-1
80,5,482,94,62,187,1,-1,-1,-1
80,6,179,92,55,160,1,-1,-1,-1
81,0,363,93,54,178,1,-1,-1,-1
81,2,483,95,69,187,1,-1,-1,-1
81,3,402,107,38,134,1,-1,-1,-1
81,4,583,108,56,184,1,-1,-1,-1
81,5,568,138,35,133,1,-1,-1,-1
81,6,179,92,57,160,1,-1,-1,-1
82,0,362,93,50,175,1,-1,-1,-1
82,2,488,95,66,180,1,-1,-1,-1
82,3,398,106,44,132,1,-1,-1,-1
82,4,586,106,53,183,1,-1,-1,-1
82,5,568,130,39,145,1,-1,-1,-1
82,6,180,92,56,160,1,-1,-1,-1
83,0,360,94,51,171,1,-1,-1,-1
83,2,489,96,66,186,1,-1,-1,-1
83,3,397,107,45,133,1,-1,-1,-1
83,4,591,93,47,195,1,-1,-1,-1
83,5,564,125,47,148,1,-1,-1,-1
83,6,180,94,56,158,1,-1,-1,-1
84,0,359,95,52,169,1,-1,-1,-1
84,1,181,92,55,161,1,-1,-1,-1
84,2,559,132,50,139,1,-1,-1,-1
84,3,491,97,67,181,1,-1,-1,-1
84,4,590,101,49,190,1,-1,-1,-1
84,5,573,107,50,174,1,-1,-1,-1
84,6,396,106,46,135,1,-1,-1,-1
85,0,357,94,52,168,1,-1,-1,-1
85,2,495,100,66,178,1,-1,-1,-1
85,3,395,107,46,132,1,-1,-1,-1
85,4,594,104,44,182,1,-1,-1,-1
85,5,559,115,48,157,1,-1,-1,-1
85,6,182,95,55,157,1,-1,-1,-1
86,0,355,93,53,169,1,-1,-1,-1
86,2,497,101,67,178,1,-1,-1,-1
86,3,395,106,47,132,1,-1,-1,-1
86,4,603,106,36,177,1,-1,-1,-1
86,5,555,112,56,159,1,-1,-1,-1
86,6,182,96,56,156,1,-1,-1,-1
87,0,353,93,55,171,1,-1,-1,-1
87,2,495,102,69,175,1,-1,-1,-1
87,3,396,106,45,133,1,-1,-1,-1
87,4,612,105,27,177,1,-1,-1,-1
87,5,557,110,47,160,1,-1,-1,-1
87,6,182,97,58,155,1,-1,-1,-1
88,0,348,93,57,174,1,-1,-1,-1
88,2,494,99,76,182,1,-1,-1,-1
88,3,396,104,44,135,1,-1,-1,-1
88,4,614,104,25,176,1,-1,-1,-1
88,5,554,109,46,160,1,-1,-1,-1
88,6,182,96,58,155,1,-1,-1,-1
89,0,345,95,59,170,1,-1,-1,-1
89,2,499,102,72,178,1,-1,-1,-1
89,3,397,105,42,133,1,-1,-1,-1
89,4,616,108,23,173,1,-1,-1,-1
89,5,554,108,43,160,1,-1,-1,-1
89,6,183,95,57,156,1,-1,-1,-1
90,0,182,95,59,157,1,-1,-1,-1
90,2,397,105,42,133,1,-1,-1,-1
90,3,339,94,64,172,1,-1,-1,-1
90,4,554,110,40,161,1,-1,-1,-1
90,5,511,100,62,180,1,-1,-1,-1
91,0,183,96,57,156,1,-1,-1,-1
91,2,396,105,44,133,1,-1,-1,-1
91,3,330,92,71,174,1,-1,-1,-1
91,5,517,99,63,176,1,-1,-1,-1
92,0,183,96,58,156,1,-1,-1,-1
92,2,395,105,45,132,1,-1,-1,-1
92,3,328,92,72,174,1,-1,-1,-1
92,5,522,96,69,181,1,-1,-1,-1
93,0,184,96,57,156,1,-1,-1,-1
93,2,390,105,50,136,1,-1,-1,-1
93,3,324,96,75,172,1,-1,-1,-1
93,5,522,95,72,179,1,-1,-1,-1
94,0,184,96,57,157,1,-1,-1,-1
94,2,388,105,53,135,1,-1,-1,-1
94,3,324,95,73,172,1,-1,-1,-1
94,5,519,96,75,174,1,-1,-1,-1
95,0,184,96,58,157,1,-1,-1,-1
95,2,385,105,57,136,1,-1,-1,-1
95,3,323,94,71,173,1,-1,-1,-1
95,5,519,98,75,171,1,-1,-1,-1
96,0,184,96,58,157,1,-1,-1,-1
96,2,385,105,56,137,1,-1,-1,-1
96,3,324,94,68,172,1,-1,-1,-1
96,5,518,99,79,170,1,-1,-1,-1
97,0,184,94,60,159,1,-1,-1,-1
97,2,386,105,56,138,1,-1,-1,-1
97,3,322,94,69,172,1,-1,-1,-1
97,4,526,100,82,171,1,-1,-1,-1
97,5,512,106,49,162,1,-1,-1,-1
98,0,184,94,59,159,1,-1,-1,-1
98,2,385,106,57,138,1,-1,-1,-1
98,3,322,92,67,174,1,-1,-1,-1
98,4,537,99,80,172,1,-1,-1,-1
98,5,511,107,46,161,1,-1,-1,-1
99,0,184,94,60,159,1,-1,-1,-1
99,2,386,106,55,137,1,-1,-1,-1
99,3,323,92,65,174,1,-1,-1,-1
99,4,539,99,80,171,1,-1,-1,-1
99,5,511,107,47,160,1,-1,-1,-1
100,0,184,94,60,159,1,-1,-1,-1
100,2,385,106,57,137,1,-1,-1,-1
100,3,324,92,61,175,1,-1,-1,-1
100,4,541,98,78,176,1,-1,-1,-1
100,5,510,107,47,159,1,-1,-1,-1
101,0,184,94,59,159,1,-1,-1,-1
101,2,385,105,56,138,1,-1,-1,-1
101,3,322,91,62,175,1,-1,-1,-1
101,4,546,99,70,173,1,-1,-1,-1
101,5,509,109,49,155,1,-1,-1,-1
102,0,184,94,59,159,1,-1,-1,-1
102,2,384,105,55,136,1,-1,-1,-1
102,3,318,91,62,171,1,-1,-1,-1
102,4,548,99,69,173,1,-1,-1,-1
102,5,502,110,48,154,1,-1,-1,-1
103,0,317,93,59,169,1,-1,-1,-1
103,2,501,110,46,153,1,-1,-1,-1
103,3,384,105,57,137,1,-1,-1,-1
103,4,558,98,59,174,1,-1,-1,-1
103,5,535,108,36,137,1,-1,-1,-1
103,6,184,94,59,159,1,-1,-1,-1
104,0,316,89,56,174,1,-1,-1,-1
104,2,493,111,50,154,1,-1,-1,-1
104,3,384,105,57,137,1,-1,-1,-1
104,4,566,97,56,176,1,-1,-1,-1
104,5,534,111,41,139,1,-1,-1,-1
104,6,184,94,59,159,1,-1,-1,-1
105,0,314,93,57,171,1,-1,-1,-1
105,2,488,110,55,154,1,-1,-1,-1
105,3,381,105,59,137,1,-1,-1,-1
105,4,570,94,55,176,1,-1,-1,-1
105,5,529,108,45,143,1,-1,-1,-1
105,6,184,93,59,159,1,-1,-1,-1
106,0,313,74,57,187,1,-1,-1,-1
106,2,476,112,63,155,1,-1,-1,-1
106,3,382,106,57,135,1,-1,-1,-1
106,4,576,100,56,168,1,-1,-1,-1
106,5,529,107,44,142,1,-1,-1,-1
106,6,184,93,58,159,1,-1,-1,-1
107,0,310,65,57,195,1,-1,-1,-1
107,2,469,112,70,153,1,-1,-1,-1
107,3,382,105,55,136,1,-1,-1,-1
107,4,577,97,59,172,1,-1,-1,-1
107,5,531,114,42,131,1,-1,-1,-1
107,6,185,93,56,160,1,-1,-1,-1
108,0,309,92,57,168,1,-1,-1,-1
108,2,460,109,79,156,1,-1,-1,-1
108,3,383,106,54,134,1,-1,-1,-1
108,4,580,96,59,171,1,-1,-1,-1
108,5,524,108,46,142,1,-1,-1,-1
108,6,185,94,56,158,1,-1,-1,-1
109,0,308,91,57,169,1,-1,-1,-1
109,2,460,114,76,152,1,-1,-1,-1
109,3,383,106,54,137,1,-1,-1,-1
109,4,582,98,57,169,1,-1,-1,-1
109,5,524,108,44,138,1,-1,-1,-1
109,6,184,95,57,156,1,-1,-1,-1
110,0,308,92,56,167,1,-1,-1,-1
110,2,456,109,83,155,1,-1,-1,-1
110,3,384,106,53,137,1,-1,-1,-1
110,4,585,100,55,166,1,-1,-1,-1
110,5,521,109,47,138,1,-1,-1,-1
110,6,184,95,57,155,1,-1,-1,-1
111,0,308,94,55,166,1,-1,-1,-1
111,2,455,111,82,153,1,-1,-1,-1
111,3,385,106,52,137,1,-1,-1,-1
111,4,588,100,51,167,1,-1,-1,-1
111,5,520,111,49,137,1,-1,-1,-1
111,6,184,95,58,156,1,-1,-1,-1
112,0,307,94,55,164,1,-1,-1,-1
112,2,455,112,80,153,1,-1,-1,-1
112,3,385,107,53,137,1,-1,-1,-1
112,4,591,100,48,167,1,-1,-1,-1
112,5,518,110,50,139,1,-1,-1,-1
112,6,184,95,59,155,1,-1,-1,-1
113,0,306,96,55,163,1,-1,-1,-1
113,2,453,110,80,154,1,-1,-1,-1
113,3,384,107,56,137,1,-1,-1,-1
113,4,593,100,46,167,1,-1,-1,-1
113,5,515,108,52,140,1,-1,-1,-1
113,6,184,95,58,155,1,-1,-1,-1
114,0,306,97,54,163,1,-1,-1,-1
114,2,452,110,80,154,1,-1,-1,-1
114,3,384,108,56,138,1,-1,-1,-1
114,4,594,96,45,168,1,-1,-1,-1
114,5,513,110,50,139,1,-1,-1,-1
114,6,184,96,58,154,1,-1,-1,-1
115,0,302,97,55,163,1,-1,-1,-1
115,2,453,110,77,153,1,-1,-1,-1
115,3,386,107,55,140,1,-1,-1,-1
115,4,599,99,38,165,1,-1,-1,-1
115,5,510,112,54,138,1,-1,-1,-1
115,6,185,95,57,155,1,-1,-1,-1
116,0,301,95,55,166,1,-1,-1,-1
116,2,450,111,70,152,1,-1,-1,-1
116,3,386,108,56,138,1,-1,-1,-1
116,4,601,98,39,164,1,-1,-1,-1
116,5,509,112,55,138,1,-1,-1,-1
116,6,184,95,59,156,1,-1,-1,-1
117,0,302,94,53,166,1,-1,-1,-1
117,2,447,114,66,148,1,-1,-1,-1
117,3,388,109,54,137,1,-1,-1,-1
117,4,603,98,37,165,1,-1,-1,-1
117,5,506,111,58,140,1,-1,-1,-1
117,6,184,95,60,156,1,-1,-1,-1
118,0,301,94,53,165,1,-1,-1,-1
118,2,446,114,61,148,1,-1,-1,-1
118,3,392,109,53,134,1,-1,-1,-1
118,4,604,95,35,166,1,-1,-1,-1
118,5,507,111,54,140,1,-1,-1,-1
118,6,184,95,60,155,1,-1,-1,-1
119,0,301,94,51,166,1,-1,-1,-1
119,2,444,113,47,150,1,-1,-1,-1
119,3,393,110,52,134,1,-1,-1,-1
119,4,605,95,35,167,1,-1,-1,-1
119,5,507,109,52,142,1,-1,-1,-1
119,6,184,95,61,155,1,-1,-1,-1
120,0,301,94,50,168,1,-1,-1,-1
120,2,444,114,42,149,1,-1,-1,-1
120,3,394,109,50,135,1,-1,-1,-1
120,4,609,96,30,170,1,-1,-1,-1
120,5,503,107,49,143,1,-1,-1,-1
120,6,186,94,63,156,1,-1,-1,-1
121,0,301,93,50,167,1,-1,-1,-1
121,2,443,111,39,151,1,-1,-1,-1
121,3,394,108,48,138,1,-1,-1,-1
121,4,612,98,27,164,1,-1,-1,-1
121,5,503,107,49,145,1,-1,-1,-1
121,6,189,91,60,158,1,-1,-1,-1
122,0,300,93,51,164,1,-1,-1,-1
122,2,438,114,42,148,1,-1,-1,-1
122,3,396,110,44,135,1,-1,-1,-1
122,4,612,99,27,163,1,-1,-1,-1
122,5,501,105,51,145,1,-1,-1,-1
122,6,189,92,61,157,1,-1,-1,-1
123,0,300,92,50,164,1,-1,-1,-1
123,2,434,115,45,146,1,-1,-1,-1
123,3,397,108,42,142,1,-1,-1,-1
123,4,614,105,25,158,1,-1,-1,-1
123,5,499,108,54,143,1,-1,-1,-1
123,6,190,92,60,159,1,-1,-1,-1
124,0,300,91,49,165,1,-1,-1,-1
124,2,423,114,55,148,1,-1,-1,-1
124,3,398,108,42,141,1,-1,-1,-1
124,4,617,119,22,144,1,-1,-1,-1
124,5,496,107,57,144,1,-1,-1,-1
124,6,190,92,60,159,1,-1,-1,-1
125,0,298,91,52,166,1,-1,-1,-1
125,2,419,115,58,148,1,-1,-1,-1
125,3,399,109,41,140,1,-1,-1,-1
125,4,622,125,17,137,1,-1,-1,-1
125,5,494,108,53,142,1,-1,-1,-1
125,6,190,91,61,161,1,-1,-1,-1
126,0,297,92,51,163,1,-1,-1,-1
126,2,417,115,60,147,1,-1,-1,-1
126,3,389,110,50,134,1,-1,-1,-1
126,5,491,106,53,147,1,-1,-1,-1
126,6,192,94,58,155,1,-1,-1,-1
127,0,296,93,52,167,1,-1,-1,-1
127,2,410,114,65,149,1,-1,-1,-1
127,3,397,110,42,132,1,-1,-1,-1
127,5,489,108,55,145,1,-1,-1,-1
127,6,192,93,59,155,1,-1,-1,-1
128,0,292,94,54,164,1,-1,-1,-1
128,2,408,114,64,150,1,-1,-1,-1
128,3,398,112,47,139,1,-1,-1,-1
128,5,485,111,59,141,1,-1,-1,-1
128,6,191,92,60,159,1,-1,-1,-1
129,0,287,92,61,164,1,-1,-1,-1
129,2,407,116,64,147,1,-1,-1,-1
129,3,392,112,49,133,1,-1,-1,-1
129,5,480,112,61,139,1,-1,-1,-1
129,6,192,95,58,153,1,-1,-1,-1
130,0,193,95,57,152,1,-1,-1,-1
130,2,406,117,64,145,1,-1,-1,-1
130,3,281,92,67,164,1,-1,-1,-1
130,5,479,110,62,142,1,-1,-1,-1
131,0,192,94,58,152,1,-1,-1,-1
131,2,400,116,63,147,1,-1,-1,-1
131,3,276,94,71,162,1,-1,-1,-1
131,5,478,114,58,139,1,-1,-1,-1
132,0,192,94,58,153,1,-1,-1,-1
132,2,401,116,59,147,1,-1,-1,-1
132,3,273,93,70,162,1,-1,-1,-1
132,5,476,113,60,140,1,-1,-1,-1
133,0,274,96,69,158,1,-1,-1,-1
133,2,472,110,60,143,1,-1,-1,-1
133,3,400,110,55,151,1,-1,-1,-1
133,6,193,94,57,153,1,-1,-1,-1
134,0,271,93,72,163,1,-1,-1,-1
134,2,465,109,70,144,1,-1,-1,-1
134,3,398,111,49,150,1,-1,-1,-1
134,6,193,94,56,153,1,-1,-1,-1
135,0,273,93,68,161,1,-1,-1,-1
135,2,466,108,66,146,1,-1,-1,-1
135,3,396,107,53,153,1,-1,-1,-1
135,6,193,95,55,152,1,-1,-1,-1
136,0,272,93,67,164,1,-1,-1,-1
136,2,467,113,61,140,1,-1,-1,-1
136,3,397,107,51,152,1,-1,-1,-1
136,6,192,93,56,154,1,-1,-1,-1
137,0,270,94,68,163,1,-1,-1,-1
137,2,468,109,60,144,1,-1,-1,-1
137,3,394,106,53,154,1,-1,-1,-1
137,6,192,93,55,154,1,-1,-1,-1
138,0,270,95,66,161,1,-1,-1,-1
138,1,2,104,51,183,1,-1,-1,-1
138,2,467,112,59,141,1,-1,-1,-1
138,3,392,106,55,154,1,-1,-1,-1
138,6,192,91,54,156,1,-1,-1,-1
139,0,270,98,65,158,1,-1,-1,-1
139,1,3,115,49,172,1,-1,-1,-1
139,2,466,111,54,142,1,-1,-1,-1
139,3,385,109,58,150,1,-1,-1,-1
139,6,191,92,54,155,1,-1,-1,-1
140,0,272,95,61,160,1,-1,-1,-1
140,2,466,111,56,142,1,-1,-1,-1
140,3,380,109,63,150,1,-1,-1,-1
140,6,191,90,54,159,1,-1,-1,-1
141,0,274,100,59,158,1,-1,-1,-1
141,2,415,110,38,143,1,-1,-1,-1
141,3,371,116,62,141,1,-1,-1,-1
141,5,466,111,52,144,1,-1,-1,-1
141,6,187,91,54,155,1,-1,-1,-1
142,0,271,97,58,158,1,-1,-1,-1
142,2,416,112,36,140,1,-1,-1,-1
142,3,369,114,63,142,1,-1,-1,-1
142,5,464,112,48,141,1,-1,-1,-1
142,6,187,91,53,155,1,-1,-1,-1
143,0,269,97,58,161,1,-1,-1,-1
143,1,15,109,46,175,1,-1,-1,-1
143,2,415,113,37,141,1,-1,-1,-1
143,3,366,114,65,143,1,-1,-1,-1
143,5,464,113,46,140,1,-1,-1,-1
143,6,186,90,53,156,1,-1,-1,-1
144,0,267,96,59,161,1,-1,-1,-1
144,1,17,110,51,176,1,-1,-1,-1
144,2,411,112,42,141,1,-1,-1,-1
144,3,365,114,65,143,1,-1,-1,-1
144,5,463,113,46,140,1,-1,-1,-1
144,6,186,89,52,157,1,-1,-1,-1
145,0,267,90,59,167,1,-1,-1,-1
145,1,20,111,69,175,1,-1,-1,-1
145,2,408,112,46,140,1,-1,-1,-1
145,3,364,114,59,143,1,-1,-1,-1
145,5,462,112,52,142,1,-1,-1,-1
145,6,186,91,53,154,1,-1,-1,-1
146,0,266,91,59,166,1,-1,-1,-1
146,1,21,113,73,172,1,-1,-1,-1
146,2,407,111,47,142,1,-1,-1,-1
146,3,364,115,60,143,1,-1,-1,-1
146,5,461,113,54,142,1,-1,-1,-1
146,6,186,91,52,154,1,-1,-1,-1
147,0,263,90,55,166,1,-1,-1,-1
147,1,23,112,79,173,1,-1,-1,-1
147,2,408,111,46,143,1,-1,-1,-1
147,3,365,111,59,147,1,-1,-1,-1
147,5,462,112,50,143,1,-1,-1,-1
147,6,186,91,52,154,1,-1,-1,-1
148,0,263,88,54,167,1,-1,-1,-1
148,1,21,112,84,175,1,-1,-1,-1
148,2,406,112,50,142,1,-1,-1,-1
148,3,365,112,56,143,1,-1,-1,-1
148,5,462,112,48,144,1,-1,-1,-1
148,6,185,92,53,153,1,-1,-1,-1
149,0,263,91,52,164,1,-1,-1,-1
149,1,24,114,84,173,1,-1,-1,-1
149,2,407,113,48,139,1,-1,-1,-1
149,3,363,110,61,147,1,-1,-1,-1
149,5,456,110,51,147,1,-1,-1,-1
149,6,185,86,53,159,1,-1,-1,-1
150,0,263,90,50,165,1,-1,-1,-1
150,1,31,114,80,175,1,-1,-1,-1
150,2,406,112,47,143,1,-1,-1,-1
150,3,360,110,54,146,1,-1,-1,-1
150,5,456,110,50,146,1,-1,-1,-1
150,6,185,87,53,158,1,-1,-1,-1
151,0,262,94,49,160,1,-1,-1,-1
151,1,29,115,80,172,1,-1,-1,-1
151,2,406,110,47,144,1,-1,-1,-1
151,3,359,110,49,147,1,-1,-1,-1
151,5,455,109,51,147,1,-1,-1,-1
151,6,185,88,53,157,1,-1,-1,-1
152,0,261,93,51,161,1,-1,-1,-1
152,1,31,114,79,174,1,-1,-1,-1
152,2,407,112,47,144,1,-1,-1,-1
152,3,358,109,46,146,1,-1,-1,-1
152,5,453,109,53,149,1,-1,-1,-1
152,6,185,88,53,157,1,-1,-1,-1
153,0,261,91,49,164,1,-1,-1,-1
153,1,39,113,70,175,1,-1,-1,-1
153,2,409,112,45,143,1,-1,-1,-1
153,3,358,109,42,148,1,-1,-1,-1
153,5,453,112,50,147,1,-1,-1,-1
153,6,185,88,52,158,1,-1,-1,-1
154,0,260,91,49,163,1,-1,-1,-1
154,1,48,111,64,175,1,-1,-1,-1
154,2,409,112,44,144,1,-1,-1,-1
154,3,357,110,42,146,1,-1,-1,-1
154,5,452,111,50,146,1,-1,-1,-1
154,6,185,88,52,158,1,-1,-1,-1
155,0,261,90,47,163,1,-1,-1,-1
155,1,60,110,52,171,1,-1,-1,-1
155,2,407,112,46,142,1,-1,-1,-1
155,3,353,110,43,146,1,-1,-1,-1
155,5,454,110,46,147,1,-1,-1,-1
155,6,185,88,52,158,1,-1,-1,-1
156,0,261,91,48,163,1,-1,-1,-1
156,1,71,112,46,172,1,-1,-1,-1
156,2,406,112,47,141,1,-1,-1,-1
156,3,350,108,48,147,1,-1,-1,-1
156,5,451,110,54,148,1,-1,-1,-1
156,6,185,88,52,158,1,-1,-1,-1
157,0,261,92,47,162,1,-1,-1,-1
157,1,74,110,49,172,1,-1,-1,-1
157,2,406,112,47,140,1,-1,-1,-1
157,3,349,107,45,147,1,-1,-1,-1
157,5,450,112,54,146,1,-1,-1,-1
157,6,185,89,53,157,1,-1,-1,-1
158,0,261,91,47,163,1,-1,-1,-1
158,1,79,111,51,169,1,-1,-1,-1
158,2,406,112,47,141,1,-1,-1,-1
158,3,348,108,45,147,1,-1,-1,-1
158,5,449,112,56,146,1,-1,-1,-1
158,6,185,89,53,157,1,-1,-1,-1
159,0,261,93,46,163,1,-1,-1,-1
159,1,82,110,57,173,1,-1,-1,-1
159,2,405,113,48,140,1,-1,-1,-1
159,3,347,110,45,144,1,-1,-1,-1
159,5,447,109,57,151,1,-1,-1,-1
159,6,185,90,52,156,1,-1,-1,-1
160,0,261,93,46,163,1,-1,-1,-1
160,1,87,110,64,173,1,-1,-1,-1
160,2,403,115,50,139,1,-1,-1,-1
160,3,344,113,44,139,1,-1,-1,-1
160,5,444,110,58,151,1,-1,-1,-1
160,6,185,90,52,157,1,-1,-1,-1
161,0,261,95,46,160,1,-1,-1,-1
161,1,87,113,76,170,1,-1,-1,-1
161,2,398,116,51,139,1,-1,-1,-1
161,3,342,115,45,137,1,-1,-1,-1
161,5,444,113,54,147,1,-1,-1,-1
161,6,185,93,53,154,1,-1,-1,-1
162,0,261,93,45,161,1,-1,-1,-1
162,1,89,112,77,170,1,-1,-1,-1
162,2,397,115,51,140,1,-1,-1,-1
162,3,341,115,45,137,1,-1,-1,-1
162,5,442,113,56,147,1,-1,-1,-1
162,6,185,92,53,155,1,-1,-1,-1
163,0,261,93,45,159,1,-1,-1,-1
163,1,87,111,88,171,1,-1,-1,-1
163,2,398,117,48,141,1,-1,-1,-1
163,3,340,115,44,138,1,-1,-1,-1
163,4,441,112,56,148,1,-1,-1,-1
163,5,417,113,57,146,1,-1,-1,-1
163,6,185,91,53,156,1,-1,-1,-1
164,0,263,89,42,162,1,-1,-1,-1
164,1,87,102,90,180,1,-1,-1,-1
164,2,397,114,51,142,1,-1,-1,-1
164,3,337,114,47,139,1,-1,-1,-1
164,5,434,109,65,153,1,-1,-1,-1
164,6,185,91,53,156,1,-1,-1,-1
165,0,263,88,43,162,1,-1,-1,-1
165,1,89,96,87,185,1,-1,-1,-1
165,2,396,113,52,143,1,-1,-1,-1
165,3,336,113,47,142,1,-1,-1,-1
165,5,435,108,55,153,1,-1,-1,-1
165,6,185,91,53,156,1,-1,-1,-1
166,0,263,89,42,159,1,-1,-1,-1
166,1,90,93,87,189,1,-1,-1,-1
166,2,395,112,53,143,1,-1,-1,-1
166,3,332,111,48,143,1,-1,-1,-1
166,5,431,106,64,156,1,-1,-1,-1
166,6,186,91,52,156,1,-1,-1,-1
167,0,263,86,43,161,1,-1,-1,-1
167,1,94,105,83,177,1,-1,-1,-1
167,2,393,113,55,142,1,-1,-1,-1
167,3,332,110,48,143,1,-1,-1,-1
167,5,431,106,61,156,1,-1,-1,-1
167,6,186,91,52,156,1,-1,-1,-1
168,0,262,87,44,160,1,-1,-1,-1
168,1,98,110,77,171,1,-1,-1,-1
168,2,393,112,52,144,1,-1,-1,-1
168,3,331,108,48,144,1,-1,-1,-1
168,5,431,108,58,153,1,-1,-1,-1
168,6,185,91,53,156,1,-1,-1,-1
169,0,262,84,44,164,1,-1,-1,-1
169,1,105,56,76,224,1,-1,-1,-1
169,2,390,110,45,149,1,-1,-1,-1
169,3,329,108,49,144,1,-1,-1,-1
169,5,432,105,57,158,1,-1,-1,-1
169,6,186,88,52,158,1,-1,-1,-1
170,0,261,84,45,165,1,-1,-1,-1
170,1,112,78,68,200,1,-1,-1,-1
170,2,387,107,47,153,1,-1,-1,-1
170,3,328,108,49,143,1,-1,-1,-1
170,5,430,106,57,158,1,-1,-1,-1
170,6,186,88,52,159,1,-1,-1,-1
171,0,261,84,45,164,1,-1,-1,-1
171,1,119,64,64,212,1,-1,-1,-1
171,2,385,110,47,150,1,-1,-1,-1
171,3,328,109,48,140,1,-1,-1,-1
171,5,429,106,59,159,1,-1,-1,-1
171,6,186,86,52,161,1,-1,-1,-1
172,0,261,85,46,162,1,-1,-1,-1
172,1,129,81,55,194,1,-1,-1,-1
172,2,382,111,47,147,1,-1,-1,-1
172,3,328,110,46,140,1,-1,-1,-1
172,5,423,106,60,159,1,-1,-1,-1
172,6,186,87,53,159,1,-1,-1,-1
173,0,261,86,45,159,1,-1,-1,-1
173,1,129,53,57,223,1,-1,-1,-1
173,2,383,112,45,144,1,-1,-1,-1
173,3,328,110,45,140,1,-1,-1,-1
173,5,421,108,63,155,1,-1,-1,-1
173,6,186,86,53,160,1,-1,-1,-1
174,0,259,87,45,158,1,-1,-1,-1
174,2,380,111,49,146,1,-1,-1,-1
174,3,328,106,45,142,1,-1,-1,-1
174,5,424,112,57,151,1,-1,-1,-1
174,6,186,87,52,159,1,-1,-1,-1
175,0,259,87,44,159,1,-1,-1,-1
175,2,381,113,46,149,1,-1,-1,-1
175,3,323,107,48,141,1,-1,-1,-1
175,5,424,112,58,151,1,-1,-1,-1
175,6,187,87,50,160,1,-1,-1,-1
176,0,259,86,44,159,1,-1,-1,-1
176,1,148,103,50,175,1,-1,-1,-1
176,2,380,113,46,151,1,-1,-1,-1
176,3,319,106,53,142,1,-1,-1,-1
176,5,423,111,59,152,1,-1,-1,-1
176,6,188,87,50,162,1,-1,-1,-1
177,0,258,86,45,160,1,-1,-1,-1
177,1,148,105,57,172,1,-1,-1,-1
177,2,377,115,50,145,1,-1,-1,-1
177,3,318,106,53,141,1,-1,-1,-1
177,5,421,109,60,156,1,-1,-1,-1
177,6,193,89,47,159,1,-1,-1,-1
178,0,258,86,45,160,1,-1,-1,-1
178,1,149,107,65,169,1,-1,-1,-1
178,2,376,115,49,146,1,-1,-1,-1
178,3,317,107,53,142,1,-1,-1,-1
178,5,422,110,56,154,1,-1,-1,-1
178,6,196,87,43,160,1,-1,-1,-1
179,0,258,87,45,158,1,-1,-1,-1
179,1,151,113,67,162,1,-1,-1,-1
179,2,375,115,48,146,1,-1,-1,-1
179,3,316,106,53,143,1,-1,-1,-1
179,5,420,108,55,158,1,-1,-1,-1
179,6,200,89,40,157,1,-1,-1,-1
